[
    [
        [
            549383888894,
            8
        ],
        [
            549383888895,
            8
        ],
        [
            549383888896,
            8
        ],
        [
            549383888897,
            8
        ],
        [
            549383888898,
            8
        ],
        [
            549383888899,
            8
        ],
        [
            549383888900,
            8
        ],
        [
            549383888901,
            8
        ],
        [
            549383888902,
            8
        ],
        [
            549383888903,
            8
        ],
        [
            549383888904,
            8
        ],
        [
            549383888905,
            8
        ],
        [
            549383888906,
            8
        ],
        [
            549383888907,
            8
        ],
        [
            549383888908,
            8
        ],
        [
            549383888909,
            8
        ],
        [
            549383888910,
            8
        ],
        [
            549383888911,
            8
        ],
        [
            549383888912,
            8
        ],
        [
            549383888913,
            8
        ],
        [
            549383888914,
            8
        ],
        [
            549383888915,
            8
        ],
        [
            549383888916,
            8
        ],
        [
            549383888917,
            8
        ],
        [
            549383888918,
            8
        ],
        [
            549383888919,
            8
        ],
        [
            549383888920,
            8
        ],
        [
            549383888921,
            8
        ],
        [
            549383888922,
            8
        ],
        [
            549383888923,
            8
        ],
        [
            549383888924,
            8
        ],
        [
            549383888925,
            8
        ],
        [
            549383888926,
            8
        ],
        [
            549383888927,
            8
        ],
        [
            549383888928,
            8
        ],
        [
            549383888929,
            8
        ],
        [
            549383888930,
            8
        ],
        [
            549383888931,
            8
        ],
        [
            549383888932,
            8
        ],
        [
            549383888933,
            8
        ],
        [
            549383888934,
            8
        ],
        [
            549383888935,
            8
        ],
        [
            549383888936,
            8
        ],
        [
            549383888937,
            8
        ],
        [
            549383888938,
            8
        ],
        [
            549383888939,
            8
        ],
        [
            549383888940,
            8
        ],
        [
            549383888941,
            8
        ],
        [
            549383888942,
            8
        ],
        [
            549383888943,
            8
        ],
        [
            549383888944,
            8
        ],
        [
            549383888945,
            8
        ],
        [
            549383888946,
            8
        ],
        [
            549383888947,
            8
        ],
        [
            549383888948,
            8
        ],
        [
            549383888949,
            8
        ],
        [
            549383888950,
            8
        ],
        [
            549383888951,
            8
        ],
        [
            549383888952,
            8
        ],
        [
            549383888953,
            8
        ],
        [
            549383888954,
            8
        ],
        [
            549383888955,
            8
        ],
        [
            549383888956,
            8
        ],
        [
            549383888957,
            8
        ],
        [
            549383888958,
            8
        ],
        [
            549383888959,
            8
        ],
        [
            549383888960,
            8
        ],
        [
            549383888961,
            8
        ],
        [
            549383888962,
            8
        ],
        [
            549383888963,
            8
        ],
        [
            549383888964,
            8
        ],
        [
            549383888965,
            8
        ],
        [
            549383888966,
            8
        ],
        [
            549383888967,
            8
        ],
        [
            549383888968,
            8
        ],
        [
            549383888969,
            8
        ],
        [
            549383888970,
            8
        ],
        [
            549383888971,
            8
        ],
        [
            549383888972,
            8
        ],
        [
            549383888973,
            8
        ],
        [
            549383888974,
            8
        ],
        [
            549383888975,
            8
        ],
        [
            549383888976,
            8
        ],
        [
            549383888977,
            8
        ],
        [
            549383888978,
            8
        ],
        [
            549383888979,
            8
        ],
        [
            549383888980,
            8
        ],
        [
            549383888981,
            8
        ],
        [
            549383888982,
            8
        ],
        [
            549383888983,
            8
        ],
        [
            549383888984,
            8
        ],
        [
            549383888985,
            8
        ],
        [
            549383888986,
            8
        ],
        [
            549383888987,
            8
        ],
        [
            549383888988,
            8
        ],
        [
            549383888989,
            8
        ],
        [
            549383888990,
            8
        ],
        [
            549383888991,
            8
        ],
        [
            549383888992,
            8
        ],
        [
            549383888993,
            8
        ],
        [
            549383888994,
            8
        ],
        [
            549383888995,
            8
        ],
        [
            549383888996,
            8
        ],
        [
            549383888997,
            8
        ],
        [
            549383888998,
            8
        ],
        [
            549383888999,
            8
        ],
        [
            549383889000,
            8
        ],
        [
            549383889001,
            8
        ],
        [
            549383889002,
            8
        ],
        [
            549383889003,
            8
        ],
        [
            549383889004,
            8
        ],
        [
            549383889005,
            8
        ],
        [
            549383889006,
            8
        ],
        [
            549383889007,
            8
        ],
        [
            549383889008,
            8
        ],
        [
            549383889009,
            8
        ],
        [
            549383889010,
            8
        ],
        [
            549383889011,
            8
        ],
        [
            549383889012,
            8
        ],
        [
            549383889013,
            8
        ],
        [
            549383889014,
            8
        ],
        [
            549383889015,
            8
        ],
        [
            549383889016,
            8
        ],
        [
            549383889017,
            8
        ],
        [
            549383889018,
            8
        ],
        [
            549383889019,
            8
        ],
        [
            549383889020,
            8
        ],
        [
            549383889021,
            8
        ],
        [
            549383889022,
            8
        ],
        [
            549383889023,
            8
        ],
        [
            549383889024,
            8
        ],
        [
            549383889025,
            8
        ],
        [
            549383889026,
            8
        ],
        [
            549383889027,
            8
        ],
        [
            549383889028,
            8
        ],
        [
            549383889029,
            8
        ],
        [
            549383889030,
            8
        ],
        [
            549383889031,
            8
        ],
        [
            549383889032,
            8
        ],
        [
            549383889033,
            8
        ],
        [
            549383889034,
            8
        ],
        [
            549383889035,
            8
        ],
        [
            549383889036,
            8
        ],
        [
            549383889037,
            8
        ],
        [
            549383889038,
            8
        ],
        [
            549383889039,
            8
        ],
        [
            549383889040,
            8
        ],
        [
            549383889041,
            8
        ],
        [
            549383889042,
            8
        ],
        [
            549383889043,
            8
        ],
        [
            549383889044,
            8
        ],
        [
            549383889045,
            8
        ],
        [
            549383889046,
            8
        ],
        [
            549383889047,
            8
        ],
        [
            549383889048,
            8
        ],
        [
            549383889049,
            8
        ],
        [
            549383889050,
            8
        ],
        [
            549383889051,
            8
        ],
        [
            549383889052,
            8
        ],
        [
            549383889053,
            8
        ],
        [
            549383889054,
            8
        ],
        [
            549383889055,
            8
        ],
        [
            549383889056,
            8
        ],
        [
            549383889057,
            8
        ],
        [
            549383889058,
            8
        ],
        [
            549383889059,
            8
        ],
        [
            549383889060,
            8
        ],
        [
            549383889061,
            8
        ],
        [
            549383889062,
            8
        ],
        [
            549383889063,
            8
        ],
        [
            549383889064,
            8
        ],
        [
            549383889065,
            8
        ],
        [
            549383889066,
            8
        ],
        [
            549383889067,
            8
        ],
        [
            549383889068,
            8
        ],
        [
            549383889069,
            8
        ],
        [
            549383889070,
            8
        ],
        [
            549383889071,
            8
        ],
        [
            549383889072,
            8
        ],
        [
            549383889073,
            8
        ],
        [
            549383889074,
            8
        ],
        [
            549383889075,
            8
        ],
        [
            549383889076,
            8
        ],
        [
            549383889077,
            8
        ],
        [
            549383889078,
            8
        ],
        [
            549383889079,
            8
        ],
        [
            549383889080,
            8
        ],
        [
            549383889081,
            8
        ],
        [
            549383889082,
            8
        ],
        [
            549383889083,
            8
        ],
        [
            549383889084,
            8
        ],
        [
            549383889085,
            8
        ],
        [
            549383889086,
            8
        ],
        [
            549383889087,
            8
        ],
        [
            549383889088,
            8
        ],
        [
            549383889089,
            8
        ],
        [
            549383889090,
            8
        ],
        [
            549383889091,
            8
        ],
        [
            549383889092,
            8
        ],
        [
            549383889093,
            8
        ],
        [
            549383889094,
            8
        ],
        [
            549383889095,
            8
        ],
        [
            549383889096,
            8
        ],
        [
            549383889097,
            8
        ],
        [
            549383889098,
            8
        ],
        [
            549383889099,
            8
        ],
        [
            549383889100,
            8
        ],
        [
            549383889101,
            8
        ],
        [
            549383889102,
            8
        ],
        [
            549383889103,
            8
        ],
        [
            549383889104,
            8
        ],
        [
            549383889105,
            8
        ],
        [
            549383889106,
            8
        ],
        [
            549383889107,
            8
        ],
        [
            549383889108,
            8
        ],
        [
            549383889109,
            8
        ],
        [
            549383889110,
            8
        ],
        [
            549383889111,
            8
        ],
        [
            549383889112,
            8
        ],
        [
            549383889113,
            8
        ],
        [
            549383889114,
            8
        ],
        [
            549383889115,
            8
        ],
        [
            549383889116,
            8
        ],
        [
            549383889117,
            8
        ],
        [
            549383889118,
            8
        ],
        [
            549383889119,
            8
        ],
        [
            549383889120,
            8
        ],
        [
            549383889121,
            8
        ],
        [
            549383889122,
            8
        ],
        [
            549383889123,
            8
        ],
        [
            549383889124,
            8
        ],
        [
            549383889125,
            8
        ],
        [
            549383889126,
            8
        ],
        [
            549383889127,
            8
        ],
        [
            549383889128,
            8
        ],
        [
            549383889129,
            8
        ],
        [
            549383889130,
            8
        ],
        [
            549383889131,
            8
        ],
        [
            549383889132,
            8
        ],
        [
            549383889133,
            8
        ],
        [
            549383889134,
            8
        ],
        [
            549383889135,
            8
        ],
        [
            549383889136,
            8
        ],
        [
            549383889137,
            8
        ],
        [
            549383889138,
            8
        ],
        [
            549383889139,
            8
        ],
        [
            549383889140,
            8
        ],
        [
            549383889141,
            8
        ],
        [
            549383889142,
            8
        ],
        [
            549383889143,
            8
        ],
        [
            549383889144,
            8
        ],
        [
            549383889145,
            8
        ],
        [
            549383889146,
            8
        ],
        [
            549383889147,
            8
        ],
        [
            549383889148,
            8
        ],
        [
            549383889149,
            8
        ],
        [
            549383889150,
            8
        ],
        [
            549383889151,
            8
        ],
        [
            549383889152,
            8
        ],
        [
            549383889153,
            8
        ]
    ],
    [
        [
            549383888894,
            8
        ],
        [
            549383888895,
            8
        ],
        [
            549383888896,
            8
        ],
        [
            549383888897,
            8
        ],
        [
            549383888898,
            8
        ],
        [
            549383888899,
            8
        ],
        [
            549383888900,
            8
        ],
        [
            549383888901,
            8
        ],
        [
            549383888902,
            8
        ],
        [
            549383888903,
            8
        ],
        [
            549383888904,
            8
        ],
        [
            549383888905,
            8
        ],
        [
            549383888906,
            8
        ],
        [
            549383888907,
            8
        ],
        [
            549383888908,
            8
        ],
        [
            549383888909,
            8
        ],
        [
            549383888910,
            8
        ],
        [
            549383888911,
            8
        ],
        [
            549383888912,
            8
        ],
        [
            549383888913,
            8
        ],
        [
            549383888914,
            8
        ],
        [
            549383888915,
            8
        ],
        [
            549383888916,
            8
        ],
        [
            549383888917,
            8
        ],
        [
            549383888918,
            8
        ],
        [
            549383888919,
            8
        ],
        [
            549383888920,
            8
        ],
        [
            549383888921,
            8
        ],
        [
            549383888922,
            8
        ],
        [
            549383888923,
            8
        ],
        [
            549383888924,
            8
        ],
        [
            549383888925,
            8
        ],
        [
            549383888926,
            8
        ],
        [
            549383888927,
            8
        ],
        [
            549383888928,
            8
        ],
        [
            549383888929,
            8
        ],
        [
            549383888930,
            8
        ],
        [
            549383888931,
            8
        ],
        [
            549383888932,
            8
        ],
        [
            549383888933,
            8
        ],
        [
            549383888934,
            8
        ],
        [
            549383888935,
            8
        ],
        [
            549383888936,
            8
        ],
        [
            549383888937,
            8
        ],
        [
            549383888938,
            8
        ],
        [
            549383888939,
            8
        ],
        [
            549383888940,
            8
        ],
        [
            549383888941,
            8
        ],
        [
            549383888942,
            8
        ],
        [
            549383888943,
            8
        ],
        [
            549383888944,
            8
        ],
        [
            549383888945,
            8
        ],
        [
            549383888946,
            8
        ],
        [
            549383888947,
            8
        ],
        [
            549383888948,
            8
        ],
        [
            549383888949,
            8
        ],
        [
            549383888950,
            8
        ],
        [
            549383888951,
            8
        ],
        [
            549383888952,
            8
        ],
        [
            549383888953,
            8
        ],
        [
            549383888954,
            8
        ],
        [
            549383888955,
            8
        ],
        [
            549383888956,
            8
        ],
        [
            549383888957,
            8
        ],
        [
            549383888958,
            8
        ],
        [
            549383888959,
            8
        ],
        [
            549383888960,
            8
        ],
        [
            549383888961,
            8
        ],
        [
            549383888962,
            8
        ],
        [
            549383888963,
            8
        ],
        [
            549383888964,
            8
        ],
        [
            549383888965,
            8
        ],
        [
            549383888966,
            8
        ],
        [
            549383888967,
            8
        ],
        [
            549383888968,
            8
        ],
        [
            549383888969,
            8
        ],
        [
            549383888970,
            8
        ],
        [
            549383888971,
            8
        ],
        [
            549383888972,
            8
        ],
        [
            549383888973,
            8
        ],
        [
            549383888974,
            8
        ],
        [
            549383888975,
            8
        ],
        [
            549383888976,
            8
        ],
        [
            549383888977,
            8
        ],
        [
            549383888978,
            8
        ],
        [
            549383888979,
            8
        ],
        [
            549383888980,
            8
        ],
        [
            549383888981,
            8
        ],
        [
            549383888982,
            8
        ],
        [
            549383888983,
            8
        ],
        [
            549383888984,
            8
        ],
        [
            549383888985,
            8
        ],
        [
            549383888986,
            8
        ],
        [
            549383888987,
            8
        ],
        [
            549383888988,
            8
        ],
        [
            549383888989,
            8
        ],
        [
            549383888990,
            8
        ],
        [
            549383888991,
            8
        ],
        [
            549383888992,
            8
        ],
        [
            549383888993,
            8
        ],
        [
            549383888994,
            8
        ],
        [
            549383888995,
            8
        ],
        [
            549383888996,
            8
        ],
        [
            549383888997,
            8
        ],
        [
            549383888998,
            8
        ],
        [
            549383888999,
            8
        ],
        [
            549383889000,
            8
        ],
        [
            549383889001,
            8
        ],
        [
            549383889002,
            8
        ],
        [
            549383889003,
            8
        ],
        [
            549383889004,
            8
        ],
        [
            549383889005,
            8
        ],
        [
            549383889006,
            8
        ],
        [
            549383889007,
            8
        ],
        [
            549383889008,
            8
        ],
        [
            549383889009,
            8
        ],
        [
            549383889010,
            8
        ],
        [
            549383889011,
            8
        ],
        [
            549383889012,
            8
        ],
        [
            549383889013,
            8
        ],
        [
            549383889014,
            8
        ],
        [
            549383889015,
            8
        ],
        [
            549383889016,
            8
        ],
        [
            549383889017,
            8
        ],
        [
            549383889018,
            8
        ],
        [
            549383889019,
            8
        ],
        [
            549383889020,
            8
        ],
        [
            549383889021,
            8
        ],
        [
            549383889022,
            8
        ],
        [
            549383889023,
            8
        ],
        [
            549383889024,
            8
        ],
        [
            549383889025,
            8
        ],
        [
            549383889026,
            8
        ],
        [
            549383889027,
            8
        ],
        [
            549383889028,
            8
        ],
        [
            549383889029,
            8
        ],
        [
            549383889030,
            8
        ],
        [
            549383889031,
            8
        ],
        [
            549383889032,
            8
        ],
        [
            549383889033,
            8
        ],
        [
            549383889034,
            8
        ],
        [
            549383889035,
            8
        ],
        [
            549383889036,
            8
        ],
        [
            549383889037,
            8
        ],
        [
            549383889038,
            8
        ],
        [
            549383889039,
            8
        ],
        [
            549383889040,
            8
        ],
        [
            549383889041,
            8
        ],
        [
            549383889042,
            8
        ],
        [
            549383889043,
            8
        ],
        [
            549383889044,
            8
        ],
        [
            549383889045,
            8
        ],
        [
            549383889046,
            8
        ],
        [
            549383889047,
            8
        ],
        [
            549383889048,
            8
        ],
        [
            549383889049,
            8
        ],
        [
            549383889050,
            8
        ],
        [
            549383889051,
            8
        ],
        [
            549383889052,
            8
        ],
        [
            549383889053,
            8
        ],
        [
            549383889054,
            8
        ],
        [
            549383889055,
            8
        ],
        [
            549383889056,
            8
        ],
        [
            549383889057,
            8
        ],
        [
            549383889058,
            8
        ],
        [
            549383889059,
            8
        ],
        [
            549383889060,
            8
        ],
        [
            549383889061,
            8
        ],
        [
            549383889062,
            8
        ],
        [
            549383889063,
            8
        ],
        [
            549383889064,
            8
        ],
        [
            549383889065,
            8
        ],
        [
            549383889066,
            8
        ],
        [
            549383889067,
            8
        ],
        [
            549383889068,
            8
        ],
        [
            549383889069,
            8
        ],
        [
            549383889070,
            8
        ],
        [
            549383889071,
            8
        ],
        [
            549383889072,
            8
        ],
        [
            549383889073,
            8
        ],
        [
            549383889074,
            8
        ],
        [
            549383889075,
            8
        ],
        [
            549383889076,
            8
        ],
        [
            549383889077,
            8
        ],
        [
            549383889078,
            8
        ],
        [
            549383889079,
            8
        ],
        [
            549383889080,
            8
        ],
        [
            549383889081,
            8
        ],
        [
            549383889082,
            8
        ],
        [
            549383889083,
            8
        ],
        [
            549383889084,
            8
        ],
        [
            549383889085,
            8
        ],
        [
            549383889086,
            8
        ],
        [
            549383889087,
            8
        ],
        [
            549383889088,
            8
        ],
        [
            549383889089,
            8
        ],
        [
            549383889090,
            8
        ],
        [
            549383889091,
            8
        ],
        [
            549383889092,
            8
        ],
        [
            549383889093,
            8
        ],
        [
            549383889094,
            8
        ],
        [
            549383889095,
            8
        ],
        [
            549383889096,
            8
        ],
        [
            549383889097,
            8
        ],
        [
            549383889098,
            8
        ],
        [
            549383889099,
            8
        ],
        [
            549383889100,
            8
        ],
        [
            549383889101,
            8
        ],
        [
            549383889102,
            8
        ],
        [
            549383889103,
            8
        ],
        [
            549383889104,
            8
        ],
        [
            549383889105,
            8
        ],
        [
            549383889106,
            8
        ],
        [
            549383889107,
            8
        ],
        [
            549383889108,
            8
        ],
        [
            549383889109,
            8
        ],
        [
            549383889110,
            8
        ],
        [
            549383889111,
            8
        ],
        [
            549383889112,
            8
        ],
        [
            549383889113,
            8
        ],
        [
            549383889114,
            8
        ],
        [
            549383889115,
            8
        ],
        [
            549383889116,
            8
        ],
        [
            549383889117,
            8
        ],
        [
            549383889118,
            8
        ],
        [
            549383889119,
            8
        ],
        [
            549383889120,
            8
        ],
        [
            549383889121,
            8
        ],
        [
            549383889122,
            8
        ],
        [
            549383889123,
            8
        ],
        [
            549383889124,
            8
        ],
        [
            549383889125,
            8
        ],
        [
            549383889126,
            8
        ],
        [
            549383889127,
            8
        ],
        [
            549383889128,
            8
        ],
        [
            549383889129,
            8
        ],
        [
            549383889130,
            8
        ],
        [
            549383889131,
            8
        ],
        [
            549383889132,
            8
        ],
        [
            549383889133,
            8
        ],
        [
            549383889134,
            8
        ],
        [
            549383889135,
            8
        ],
        [
            549383889136,
            8
        ],
        [
            549383889137,
            8
        ],
        [
            549383889138,
            8
        ],
        [
            549383889139,
            8
        ],
        [
            549383889140,
            8
        ],
        [
            549383889141,
            8
        ],
        [
            549383889142,
            8
        ],
        [
            549383889143,
            8
        ],
        [
            549383889144,
            8
        ],
        [
            549383889145,
            8
        ],
        [
            549383889146,
            8
        ],
        [
            549383889147,
            8
        ],
        [
            549383889148,
            8
        ],
        [
            549383889149,
            8
        ],
        [
            549383889150,
            8
        ],
        [
            549383889151,
            8
        ],
        [
            549383889152,
            8
        ],
        [
            549383889153,
            8
        ]
    ],
    [
        [
            549383888894,
            8
        ],
        [
            549383888895,
            8
        ],
        [
            549383888896,
            8
        ],
        [
            549383888897,
            8
        ],
        [
            549383888898,
            8
        ],
        [
            549383888899,
            8
        ],
        [
            549383888900,
            8
        ],
        [
            549383888901,
            8
        ],
        [
            549383888902,
            8
        ],
        [
            549383888903,
            8
        ],
        [
            549383888904,
            8
        ],
        [
            549383888905,
            8
        ],
        [
            549383888906,
            8
        ],
        [
            549383888907,
            8
        ],
        [
            549383888908,
            8
        ],
        [
            549383888909,
            8
        ],
        [
            549383888910,
            8
        ],
        [
            549383888911,
            8
        ],
        [
            549383888912,
            8
        ],
        [
            549383888913,
            8
        ],
        [
            549383888914,
            8
        ],
        [
            549383888915,
            8
        ],
        [
            549383888916,
            8
        ],
        [
            549383888917,
            8
        ],
        [
            549383888918,
            8
        ],
        [
            549383888919,
            8
        ],
        [
            549383888920,
            8
        ],
        [
            549383888921,
            8
        ],
        [
            549383888922,
            8
        ],
        [
            549383888923,
            8
        ],
        [
            549383888924,
            8
        ],
        [
            549383888925,
            8
        ],
        [
            549383888926,
            8
        ],
        [
            549383888927,
            8
        ],
        [
            549383888928,
            8
        ],
        [
            549383888929,
            8
        ],
        [
            549383888930,
            8
        ],
        [
            549383888931,
            8
        ],
        [
            549383888932,
            8
        ],
        [
            549383888933,
            8
        ],
        [
            549383888934,
            8
        ],
        [
            549383888935,
            8
        ],
        [
            549383888936,
            8
        ],
        [
            549383888937,
            8
        ],
        [
            549383888938,
            8
        ],
        [
            549383888939,
            8
        ],
        [
            549383888940,
            8
        ],
        [
            549383888941,
            8
        ],
        [
            549383888942,
            8
        ],
        [
            549383888943,
            8
        ],
        [
            549383888944,
            8
        ],
        [
            549383888945,
            8
        ],
        [
            549383888946,
            8
        ],
        [
            549383888947,
            8
        ],
        [
            549383888948,
            8
        ],
        [
            549383888949,
            8
        ],
        [
            549383888950,
            8
        ],
        [
            549383888951,
            8
        ],
        [
            549383888952,
            8
        ],
        [
            549383888953,
            8
        ],
        [
            549383888954,
            8
        ],
        [
            549383888955,
            8
        ],
        [
            549383888956,
            8
        ],
        [
            549383888957,
            8
        ],
        [
            549383888958,
            8
        ],
        [
            549383888959,
            8
        ],
        [
            549383888960,
            8
        ],
        [
            549383888961,
            8
        ],
        [
            549383888962,
            8
        ],
        [
            549383888963,
            8
        ],
        [
            549383888964,
            8
        ],
        [
            549383888965,
            8
        ],
        [
            549383888966,
            8
        ],
        [
            549383888967,
            8
        ],
        [
            549383888968,
            8
        ],
        [
            549383888969,
            8
        ],
        [
            549383888970,
            8
        ],
        [
            549383888971,
            8
        ],
        [
            549383888972,
            8
        ],
        [
            549383888973,
            8
        ],
        [
            549383888974,
            8
        ],
        [
            549383888975,
            8
        ],
        [
            549383888976,
            8
        ],
        [
            549383888977,
            8
        ],
        [
            549383888978,
            8
        ],
        [
            549383888979,
            8
        ],
        [
            549383888980,
            8
        ],
        [
            549383888981,
            8
        ],
        [
            549383888982,
            8
        ],
        [
            549383888983,
            8
        ],
        [
            549383888984,
            8
        ],
        [
            549383888985,
            8
        ],
        [
            549383888986,
            8
        ],
        [
            549383888987,
            8
        ],
        [
            549383888988,
            8
        ],
        [
            549383888989,
            8
        ],
        [
            549383888990,
            8
        ],
        [
            549383888991,
            8
        ],
        [
            549383888992,
            8
        ],
        [
            549383888993,
            8
        ],
        [
            549383888994,
            8
        ],
        [
            549383888995,
            8
        ],
        [
            549383888996,
            8
        ],
        [
            549383888997,
            8
        ],
        [
            549383888998,
            8
        ],
        [
            549383888999,
            8
        ],
        [
            549383889000,
            8
        ],
        [
            549383889001,
            8
        ],
        [
            549383889002,
            8
        ],
        [
            549383889003,
            8
        ],
        [
            549383889004,
            8
        ],
        [
            549383889005,
            8
        ],
        [
            549383889006,
            8
        ],
        [
            549383889007,
            8
        ],
        [
            549383889008,
            8
        ],
        [
            549383889009,
            8
        ],
        [
            549383889010,
            8
        ],
        [
            549383889011,
            8
        ],
        [
            549383889012,
            8
        ],
        [
            549383889013,
            8
        ],
        [
            549383889014,
            8
        ],
        [
            549383889015,
            8
        ],
        [
            549383889016,
            8
        ],
        [
            549383889017,
            8
        ],
        [
            549383889018,
            8
        ],
        [
            549383889019,
            8
        ],
        [
            549383889020,
            8
        ],
        [
            549383889021,
            8
        ],
        [
            549383889022,
            8
        ],
        [
            549383889023,
            8
        ],
        [
            549383889024,
            8
        ],
        [
            549383889025,
            8
        ],
        [
            549383889026,
            8
        ],
        [
            549383889027,
            8
        ],
        [
            549383889028,
            8
        ],
        [
            549383889029,
            8
        ],
        [
            549383889030,
            8
        ],
        [
            549383889031,
            8
        ],
        [
            549383889032,
            8
        ],
        [
            549383889033,
            8
        ],
        [
            549383889034,
            8
        ],
        [
            549383889035,
            8
        ],
        [
            549383889036,
            8
        ],
        [
            549383889037,
            8
        ],
        [
            549383889038,
            8
        ],
        [
            549383889039,
            8
        ],
        [
            549383889040,
            8
        ],
        [
            549383889041,
            8
        ],
        [
            549383889042,
            8
        ],
        [
            549383889043,
            8
        ],
        [
            549383889044,
            8
        ],
        [
            549383889045,
            8
        ],
        [
            549383889046,
            8
        ],
        [
            549383889047,
            8
        ],
        [
            549383889048,
            8
        ],
        [
            549383889049,
            8
        ],
        [
            549383889050,
            8
        ],
        [
            549383889051,
            8
        ],
        [
            549383889052,
            8
        ],
        [
            549383889053,
            8
        ],
        [
            549383889054,
            8
        ],
        [
            549383889055,
            8
        ],
        [
            549383889056,
            8
        ],
        [
            549383889057,
            8
        ],
        [
            549383889058,
            8
        ],
        [
            549383889059,
            8
        ],
        [
            549383889060,
            8
        ],
        [
            549383889061,
            8
        ],
        [
            549383889062,
            8
        ],
        [
            549383889063,
            8
        ],
        [
            549383889064,
            8
        ],
        [
            549383889065,
            8
        ],
        [
            549383889066,
            8
        ],
        [
            549383889067,
            8
        ],
        [
            549383889068,
            8
        ],
        [
            549383889069,
            8
        ],
        [
            549383889070,
            8
        ],
        [
            549383889071,
            8
        ],
        [
            549383889072,
            8
        ],
        [
            549383889073,
            8
        ],
        [
            549383889074,
            8
        ],
        [
            549383889075,
            8
        ],
        [
            549383889076,
            8
        ],
        [
            549383889077,
            8
        ],
        [
            549383889078,
            8
        ],
        [
            549383889079,
            8
        ],
        [
            549383889080,
            8
        ],
        [
            549383889081,
            8
        ],
        [
            549383889082,
            8
        ],
        [
            549383889083,
            8
        ],
        [
            549383889084,
            8
        ],
        [
            549383889085,
            8
        ],
        [
            549383889086,
            8
        ],
        [
            549383889087,
            8
        ],
        [
            549383889088,
            8
        ],
        [
            549383889089,
            8
        ],
        [
            549383889090,
            8
        ],
        [
            549383889091,
            8
        ],
        [
            549383889092,
            8
        ],
        [
            549383889093,
            8
        ],
        [
            549383889094,
            8
        ],
        [
            549383889095,
            8
        ],
        [
            549383889096,
            8
        ],
        [
            549383889097,
            8
        ],
        [
            549383889098,
            8
        ],
        [
            549383889099,
            8
        ],
        [
            549383889100,
            8
        ],
        [
            549383889101,
            8
        ],
        [
            549383889102,
            8
        ],
        [
            549383889103,
            8
        ],
        [
            549383889104,
            8
        ],
        [
            549383889105,
            8
        ],
        [
            549383889106,
            8
        ],
        [
            549383889107,
            8
        ],
        [
            549383889108,
            8
        ],
        [
            549383889109,
            8
        ],
        [
            549383889110,
            8
        ],
        [
            549383889111,
            8
        ],
        [
            549383889112,
            8
        ],
        [
            549383889113,
            8
        ],
        [
            549383889114,
            8
        ],
        [
            549383889115,
            8
        ],
        [
            549383889116,
            8
        ],
        [
            549383889117,
            8
        ],
        [
            549383889118,
            8
        ],
        [
            549383889119,
            8
        ],
        [
            549383889120,
            8
        ],
        [
            549383889121,
            8
        ],
        [
            549383889122,
            8
        ],
        [
            549383889123,
            8
        ],
        [
            549383889124,
            8
        ],
        [
            549383889125,
            8
        ],
        [
            549383889126,
            8
        ],
        [
            549383889127,
            8
        ],
        [
            549383889128,
            8
        ],
        [
            549383889129,
            8
        ],
        [
            549383889130,
            8
        ],
        [
            549383889131,
            8
        ],
        [
            549383889132,
            8
        ],
        [
            549383889133,
            8
        ],
        [
            549383889134,
            8
        ],
        [
            549383889135,
            8
        ],
        [
            549383889136,
            8
        ],
        [
            549383889137,
            8
        ],
        [
            549383889138,
            8
        ],
        [
            549383889139,
            8
        ],
        [
            549383889140,
            8
        ],
        [
            549383889141,
            8
        ],
        [
            549383889142,
            8
        ],
        [
            549383889143,
            8
        ],
        [
            549383889144,
            8
        ],
        [
            549383889145,
            8
        ],
        [
            549383889146,
            8
        ],
        [
            549383889147,
            8
        ],
        [
            549383889148,
            8
        ],
        [
            549383889149,
            8
        ],
        [
            549383889150,
            8
        ],
        [
            549383889151,
            8
        ],
        [
            549383889152,
            8
        ],
        [
            549383889153,
            8
        ],
        [
            549383894526,
            8
        ],
        [
            549383894527,
            8
        ],
        [
            549383894528,
            8
        ],
        [
            549383894529,
            8
        ],
        [
            549383894530,
            8
        ],
        [
            549383894531,
            8
        ],
        [
            549383894532,
            8
        ],
        [
            549383894533,
            8
        ],
        [
            549383894534,
            8
        ],
        [
            549383894535,
            8
        ],
        [
            549383894536,
            8
        ],
        [
            549383894537,
            8
        ],
        [
            549383894538,
            8
        ],
        [
            549383894539,
            8
        ],
        [
            549383894540,
            8
        ],
        [
            549383894541,
            8
        ],
        [
            549383894542,
            8
        ],
        [
            549383894543,
            8
        ],
        [
            549383894544,
            8
        ],
        [
            549383894545,
            8
        ],
        [
            549383894546,
            8
        ],
        [
            549383894547,
            8
        ],
        [
            549383894548,
            8
        ],
        [
            549383894549,
            8
        ],
        [
            549383894550,
            8
        ],
        [
            549383894551,
            8
        ],
        [
            549383894552,
            8
        ],
        [
            549383894553,
            8
        ],
        [
            549383894554,
            8
        ],
        [
            549383894555,
            8
        ],
        [
            549383894556,
            8
        ],
        [
            549383894557,
            8
        ],
        [
            549383894558,
            8
        ],
        [
            549383894559,
            8
        ],
        [
            549383894560,
            8
        ],
        [
            549383894561,
            8
        ],
        [
            549383894562,
            8
        ],
        [
            549383894563,
            8
        ],
        [
            549383894564,
            8
        ],
        [
            549383894565,
            8
        ],
        [
            549383894566,
            8
        ],
        [
            549383894567,
            8
        ],
        [
            549383894568,
            8
        ],
        [
            549383894569,
            8
        ],
        [
            549383894570,
            8
        ],
        [
            549383894571,
            8
        ],
        [
            549383894572,
            8
        ],
        [
            549383894573,
            8
        ],
        [
            549383894574,
            8
        ],
        [
            549383894575,
            8
        ],
        [
            549383894576,
            8
        ],
        [
            549383894577,
            8
        ],
        [
            549383894578,
            8
        ],
        [
            549383894579,
            8
        ],
        [
            549383894580,
            8
        ],
        [
            549383894581,
            8
        ],
        [
            549383894582,
            8
        ],
        [
            549383894583,
            8
        ],
        [
            549383894584,
            8
        ],
        [
            549383894585,
            8
        ],
        [
            549383894586,
            8
        ],
        [
            549383894587,
            8
        ],
        [
            549383894588,
            8
        ],
        [
            549383894589,
            8
        ],
        [
            549383894590,
            8
        ],
        [
            549383894591,
            8
        ],
        [
            549383894592,
            8
        ],
        [
            549383894593,
            8
        ],
        [
            549383894594,
            8
        ],
        [
            549383894595,
            8
        ],
        [
            549383894596,
            8
        ],
        [
            549383894597,
            8
        ],
        [
            549383894598,
            8
        ],
        [
            549383894599,
            8
        ],
        [
            549383894600,
            8
        ],
        [
            549383894601,
            8
        ],
        [
            549383894602,
            8
        ],
        [
            549383894603,
            8
        ],
        [
            549383894604,
            8
        ],
        [
            549383894605,
            8
        ],
        [
            549383894606,
            8
        ],
        [
            549383894607,
            8
        ],
        [
            549383894608,
            8
        ],
        [
            549383894609,
            8
        ],
        [
            549383894610,
            8
        ],
        [
            549383894611,
            8
        ],
        [
            549383894612,
            8
        ],
        [
            549383894613,
            8
        ],
        [
            549383894614,
            8
        ],
        [
            549383894615,
            8
        ],
        [
            549383894616,
            8
        ],
        [
            549383894617,
            8
        ],
        [
            549383894618,
            8
        ],
        [
            549383894619,
            8
        ],
        [
            549383894620,
            8
        ],
        [
            549383894621,
            8
        ],
        [
            549383894622,
            8
        ],
        [
            549383894623,
            8
        ],
        [
            549383894624,
            8
        ],
        [
            549383894625,
            8
        ],
        [
            549383894626,
            8
        ],
        [
            549383894627,
            8
        ],
        [
            549383894628,
            8
        ],
        [
            549383894629,
            8
        ],
        [
            549383894630,
            8
        ],
        [
            549383894631,
            8
        ],
        [
            549383894632,
            8
        ],
        [
            549383894633,
            8
        ],
        [
            549383894634,
            8
        ],
        [
            549383894635,
            8
        ],
        [
            549383894636,
            8
        ],
        [
            549383894637,
            8
        ],
        [
            549383894638,
            8
        ],
        [
            549383894639,
            8
        ],
        [
            549383894640,
            8
        ],
        [
            549383894641,
            8
        ],
        [
            549383894642,
            8
        ],
        [
            549383894643,
            8
        ],
        [
            549383894644,
            8
        ],
        [
            549383894645,
            8
        ],
        [
            549383894646,
            8
        ],
        [
            549383894647,
            8
        ],
        [
            549383894648,
            8
        ],
        [
            549383894649,
            8
        ],
        [
            549383894650,
            8
        ],
        [
            549383894651,
            8
        ],
        [
            549383894652,
            8
        ],
        [
            549383894653,
            8
        ],
        [
            549383894654,
            8
        ],
        [
            549383894655,
            8
        ],
        [
            549383894656,
            8
        ],
        [
            549383894657,
            8
        ],
        [
            549383894658,
            8
        ],
        [
            549383894659,
            8
        ],
        [
            549383894660,
            8
        ],
        [
            549383894661,
            8
        ],
        [
            549383894662,
            8
        ],
        [
            549383894663,
            8
        ],
        [
            549383894664,
            8
        ],
        [
            549383894665,
            8
        ],
        [
            549383894666,
            8
        ],
        [
            549383894667,
            8
        ],
        [
            549383894668,
            8
        ],
        [
            549383894669,
            8
        ],
        [
            549383894670,
            8
        ],
        [
            549383894671,
            8
        ],
        [
            549383894672,
            8
        ],
        [
            549383894673,
            8
        ],
        [
            549383894674,
            8
        ],
        [
            549383894675,
            8
        ],
        [
            549383894676,
            8
        ],
        [
            549383894677,
            8
        ],
        [
            549383894678,
            8
        ],
        [
            549383894679,
            8
        ],
        [
            549383894680,
            8
        ],
        [
            549383894681,
            8
        ],
        [
            549383894682,
            8
        ],
        [
            549383894683,
            8
        ],
        [
            549383894684,
            8
        ],
        [
            549383894685,
            8
        ],
        [
            549383894686,
            8
        ],
        [
            549383894687,
            8
        ],
        [
            549383894688,
            8
        ],
        [
            549383894689,
            8
        ],
        [
            549383894690,
            8
        ],
        [
            549383894691,
            8
        ],
        [
            549383894692,
            8
        ],
        [
            549383894693,
            8
        ],
        [
            549383894694,
            8
        ],
        [
            549383894695,
            8
        ],
        [
            549383894696,
            8
        ],
        [
            549383894697,
            8
        ],
        [
            549383894698,
            8
        ],
        [
            549383894699,
            8
        ],
        [
            549383894700,
            8
        ],
        [
            549383894701,
            8
        ],
        [
            549383894702,
            8
        ],
        [
            549383894703,
            8
        ],
        [
            549383894704,
            8
        ],
        [
            549383894705,
            8
        ],
        [
            549383894706,
            8
        ],
        [
            549383894707,
            8
        ],
        [
            549383894708,
            8
        ],
        [
            549383894709,
            8
        ],
        [
            549383894710,
            8
        ],
        [
            549383894711,
            8
        ],
        [
            549383894712,
            8
        ],
        [
            549383894713,
            8
        ],
        [
            549383894714,
            8
        ],
        [
            549383894715,
            8
        ],
        [
            549383894716,
            8
        ],
        [
            549383894717,
            8
        ],
        [
            549383894718,
            8
        ],
        [
            549383894719,
            8
        ],
        [
            549383894720,
            8
        ],
        [
            549383894721,
            8
        ],
        [
            549383894722,
            8
        ],
        [
            549383894723,
            8
        ],
        [
            549383894724,
            8
        ],
        [
            549383894725,
            8
        ],
        [
            549383894726,
            8
        ],
        [
            549383894727,
            8
        ],
        [
            549383894728,
            8
        ],
        [
            549383894729,
            8
        ],
        [
            549383894730,
            8
        ],
        [
            549383894731,
            8
        ],
        [
            549383894732,
            8
        ],
        [
            549383894733,
            8
        ],
        [
            549383894734,
            8
        ],
        [
            549383894735,
            8
        ],
        [
            549383894736,
            8
        ],
        [
            549383894737,
            8
        ],
        [
            549383894738,
            8
        ],
        [
            549383894739,
            8
        ],
        [
            549383894740,
            8
        ],
        [
            549383894741,
            8
        ],
        [
            549383894742,
            8
        ],
        [
            549383894743,
            8
        ],
        [
            549383894744,
            8
        ],
        [
            549383894745,
            8
        ],
        [
            549383894746,
            8
        ],
        [
            549383894747,
            8
        ],
        [
            549383894748,
            8
        ],
        [
            549383894749,
            8
        ],
        [
            549383894750,
            8
        ],
        [
            549383894751,
            8
        ],
        [
            549383894752,
            8
        ],
        [
            549383894753,
            8
        ],
        [
            549383894754,
            8
        ],
        [
            549383894755,
            8
        ],
        [
            549383894756,
            8
        ],
        [
            549383894757,
            8
        ],
        [
            549383894758,
            8
        ],
        [
            549383894759,
            8
        ],
        [
            549383894760,
            8
        ],
        [
            549383894761,
            8
        ],
        [
            549383894762,
            8
        ],
        [
            549383894763,
            8
        ],
        [
            549383894764,
            8
        ],
        [
            549383894765,
            8
        ],
        [
            549383894766,
            8
        ],
        [
            549383894767,
            8
        ],
        [
            549383894768,
            8
        ],
        [
            549383894769,
            8
        ],
        [
            549383894770,
            8
        ],
        [
            549383894771,
            8
        ],
        [
            549383894772,
            8
        ],
        [
            549383894773,
            8
        ],
        [
            549383894774,
            8
        ],
        [
            549383894775,
            8
        ],
        [
            549383894776,
            8
        ],
        [
            549383894777,
            8
        ],
        [
            549383894778,
            8
        ],
        [
            549383894779,
            8
        ],
        [
            549383894780,
            8
        ],
        [
            549383894781,
            8
        ],
        [
            549383894782,
            8
        ],
        [
            549383894783,
            8
        ],
        [
            549383894784,
            8
        ],
        [
            549383894785,
            8
        ]
    ],
    [
        [
            549383888894,
            8
        ],
        [
            549383888895,
            8
        ],
        [
            549383888896,
            8
        ],
        [
            549383888897,
            8
        ],
        [
            549383888898,
            8
        ],
        [
            549383888899,
            8
        ],
        [
            549383888900,
            8
        ],
        [
            549383888901,
            8
        ],
        [
            549383888902,
            8
        ],
        [
            549383888903,
            8
        ],
        [
            549383888904,
            8
        ],
        [
            549383888905,
            8
        ],
        [
            549383888906,
            8
        ],
        [
            549383888907,
            8
        ],
        [
            549383888908,
            8
        ],
        [
            549383888909,
            8
        ],
        [
            549383888910,
            8
        ],
        [
            549383888911,
            8
        ],
        [
            549383888912,
            8
        ],
        [
            549383888913,
            8
        ],
        [
            549383888914,
            8
        ],
        [
            549383888915,
            8
        ],
        [
            549383888916,
            8
        ],
        [
            549383888917,
            8
        ],
        [
            549383888918,
            8
        ],
        [
            549383888919,
            8
        ],
        [
            549383888920,
            8
        ],
        [
            549383888921,
            8
        ],
        [
            549383888922,
            8
        ],
        [
            549383888923,
            8
        ],
        [
            549383888924,
            8
        ],
        [
            549383888925,
            8
        ],
        [
            549383888926,
            8
        ],
        [
            549383888927,
            8
        ],
        [
            549383888928,
            8
        ],
        [
            549383888929,
            8
        ],
        [
            549383888930,
            8
        ],
        [
            549383888931,
            8
        ],
        [
            549383888932,
            8
        ],
        [
            549383888933,
            8
        ],
        [
            549383888934,
            8
        ],
        [
            549383888935,
            8
        ],
        [
            549383888936,
            8
        ],
        [
            549383888937,
            8
        ],
        [
            549383888938,
            8
        ],
        [
            549383888939,
            8
        ],
        [
            549383888940,
            8
        ],
        [
            549383888941,
            8
        ],
        [
            549383888942,
            8
        ],
        [
            549383888943,
            8
        ],
        [
            549383888944,
            8
        ],
        [
            549383888945,
            8
        ],
        [
            549383888946,
            8
        ],
        [
            549383888947,
            8
        ],
        [
            549383888948,
            8
        ],
        [
            549383888949,
            8
        ],
        [
            549383888950,
            8
        ],
        [
            549383888951,
            8
        ],
        [
            549383888952,
            8
        ],
        [
            549383888953,
            8
        ],
        [
            549383888954,
            8
        ],
        [
            549383888955,
            8
        ],
        [
            549383888956,
            8
        ],
        [
            549383888957,
            8
        ],
        [
            549383888958,
            8
        ],
        [
            549383888959,
            8
        ],
        [
            549383888960,
            8
        ],
        [
            549383888961,
            8
        ],
        [
            549383888962,
            8
        ],
        [
            549383888963,
            8
        ],
        [
            549383888964,
            8
        ],
        [
            549383888965,
            8
        ],
        [
            549383888966,
            8
        ],
        [
            549383888967,
            8
        ],
        [
            549383888968,
            8
        ],
        [
            549383888969,
            8
        ],
        [
            549383888970,
            8
        ],
        [
            549383888971,
            8
        ],
        [
            549383888972,
            8
        ],
        [
            549383888973,
            8
        ],
        [
            549383888974,
            8
        ],
        [
            549383888975,
            8
        ],
        [
            549383888976,
            8
        ],
        [
            549383888977,
            8
        ],
        [
            549383888978,
            8
        ],
        [
            549383888979,
            8
        ],
        [
            549383888980,
            8
        ],
        [
            549383888981,
            8
        ],
        [
            549383888982,
            8
        ],
        [
            549383888983,
            8
        ],
        [
            549383888984,
            8
        ],
        [
            549383888985,
            8
        ],
        [
            549383888986,
            8
        ],
        [
            549383888987,
            8
        ],
        [
            549383888988,
            8
        ],
        [
            549383888989,
            8
        ],
        [
            549383888990,
            8
        ],
        [
            549383888991,
            8
        ],
        [
            549383888992,
            8
        ],
        [
            549383888993,
            8
        ],
        [
            549383888994,
            8
        ],
        [
            549383888995,
            8
        ],
        [
            549383888996,
            8
        ],
        [
            549383888997,
            8
        ],
        [
            549383888998,
            8
        ],
        [
            549383888999,
            8
        ],
        [
            549383889000,
            8
        ],
        [
            549383889001,
            8
        ],
        [
            549383889002,
            8
        ],
        [
            549383889003,
            8
        ],
        [
            549383889004,
            8
        ],
        [
            549383889005,
            8
        ],
        [
            549383889006,
            8
        ],
        [
            549383889007,
            8
        ],
        [
            549383889008,
            8
        ],
        [
            549383889009,
            8
        ],
        [
            549383889010,
            8
        ],
        [
            549383889011,
            8
        ],
        [
            549383889012,
            8
        ],
        [
            549383889013,
            8
        ],
        [
            549383889014,
            8
        ],
        [
            549383889015,
            8
        ],
        [
            549383889016,
            8
        ],
        [
            549383889017,
            8
        ],
        [
            549383889018,
            8
        ],
        [
            549383889019,
            8
        ],
        [
            549383889020,
            8
        ],
        [
            549383889021,
            8
        ],
        [
            549383889022,
            8
        ],
        [
            549383889023,
            8
        ],
        [
            549383889024,
            8
        ],
        [
            549383889025,
            8
        ],
        [
            549383889026,
            8
        ],
        [
            549383889027,
            8
        ],
        [
            549383889028,
            8
        ],
        [
            549383889029,
            8
        ],
        [
            549383889030,
            8
        ],
        [
            549383889031,
            8
        ],
        [
            549383889032,
            8
        ],
        [
            549383889033,
            8
        ],
        [
            549383889034,
            8
        ],
        [
            549383889035,
            8
        ],
        [
            549383889036,
            8
        ],
        [
            549383889037,
            8
        ],
        [
            549383889038,
            8
        ],
        [
            549383889039,
            8
        ],
        [
            549383889040,
            8
        ],
        [
            549383889041,
            8
        ],
        [
            549383889042,
            8
        ],
        [
            549383889043,
            8
        ],
        [
            549383889044,
            8
        ],
        [
            549383889045,
            8
        ],
        [
            549383889046,
            8
        ],
        [
            549383889047,
            8
        ],
        [
            549383889048,
            8
        ],
        [
            549383889049,
            8
        ],
        [
            549383889050,
            8
        ],
        [
            549383889051,
            8
        ],
        [
            549383889052,
            8
        ],
        [
            549383889053,
            8
        ],
        [
            549383889054,
            8
        ],
        [
            549383889055,
            8
        ],
        [
            549383889056,
            8
        ],
        [
            549383889057,
            8
        ],
        [
            549383889058,
            8
        ],
        [
            549383889059,
            8
        ],
        [
            549383889060,
            8
        ],
        [
            549383889061,
            8
        ],
        [
            549383889062,
            8
        ],
        [
            549383889063,
            8
        ],
        [
            549383889064,
            8
        ],
        [
            549383889065,
            8
        ],
        [
            549383889066,
            8
        ],
        [
            549383889067,
            8
        ],
        [
            549383889068,
            8
        ],
        [
            549383889069,
            8
        ],
        [
            549383889070,
            8
        ],
        [
            549383889071,
            8
        ],
        [
            549383889072,
            8
        ],
        [
            549383889073,
            8
        ],
        [
            549383889074,
            8
        ],
        [
            549383889075,
            8
        ],
        [
            549383889076,
            8
        ],
        [
            549383889077,
            8
        ],
        [
            549383889078,
            8
        ],
        [
            549383889079,
            8
        ],
        [
            549383889080,
            8
        ],
        [
            549383889081,
            8
        ],
        [
            549383889082,
            8
        ],
        [
            549383889083,
            8
        ],
        [
            549383889084,
            8
        ],
        [
            549383889085,
            8
        ],
        [
            549383889086,
            8
        ],
        [
            549383889087,
            8
        ],
        [
            549383889088,
            8
        ],
        [
            549383889089,
            8
        ],
        [
            549383889090,
            8
        ],
        [
            549383889091,
            8
        ],
        [
            549383889092,
            8
        ],
        [
            549383889093,
            8
        ],
        [
            549383889094,
            8
        ],
        [
            549383889095,
            8
        ],
        [
            549383889096,
            8
        ],
        [
            549383889097,
            8
        ],
        [
            549383889098,
            8
        ],
        [
            549383889099,
            8
        ],
        [
            549383889100,
            8
        ],
        [
            549383889101,
            8
        ],
        [
            549383889102,
            8
        ],
        [
            549383889103,
            8
        ],
        [
            549383889104,
            8
        ],
        [
            549383889105,
            8
        ],
        [
            549383889106,
            8
        ],
        [
            549383889107,
            8
        ],
        [
            549383889108,
            8
        ],
        [
            549383889109,
            8
        ],
        [
            549383889110,
            8
        ],
        [
            549383889111,
            8
        ],
        [
            549383889112,
            8
        ],
        [
            549383889113,
            8
        ],
        [
            549383889114,
            8
        ],
        [
            549383889115,
            8
        ],
        [
            549383889116,
            8
        ],
        [
            549383889117,
            8
        ],
        [
            549383889118,
            8
        ],
        [
            549383889119,
            8
        ],
        [
            549383889120,
            8
        ],
        [
            549383889121,
            8
        ],
        [
            549383889122,
            8
        ],
        [
            549383889123,
            8
        ],
        [
            549383889124,
            8
        ],
        [
            549383889125,
            8
        ],
        [
            549383889126,
            8
        ],
        [
            549383889127,
            8
        ],
        [
            549383889128,
            8
        ],
        [
            549383889129,
            8
        ],
        [
            549383889130,
            8
        ],
        [
            549383889131,
            8
        ],
        [
            549383889132,
            8
        ],
        [
            549383889133,
            8
        ],
        [
            549383889134,
            8
        ],
        [
            549383889135,
            8
        ],
        [
            549383889136,
            8
        ],
        [
            549383889137,
            8
        ],
        [
            549383889138,
            8
        ],
        [
            549383889139,
            8
        ],
        [
            549383889140,
            8
        ],
        [
            549383889141,
            8
        ],
        [
            549383889142,
            8
        ],
        [
            549383889143,
            8
        ],
        [
            549383889144,
            8
        ],
        [
            549383889145,
            8
        ],
        [
            549383889146,
            8
        ],
        [
            549383889147,
            8
        ],
        [
            549383889148,
            8
        ],
        [
            549383889149,
            8
        ],
        [
            549383889150,
            8
        ],
        [
            549383889151,
            8
        ],
        [
            549383889152,
            8
        ],
        [
            549383889153,
            8
        ],
        [
            549383894526,
            8
        ],
        [
            549383894527,
            8
        ],
        [
            549383894528,
            8
        ],
        [
            549383894529,
            8
        ],
        [
            549383894530,
            8
        ],
        [
            549383894531,
            8
        ],
        [
            549383894532,
            8
        ],
        [
            549383894533,
            8
        ],
        [
            549383894534,
            8
        ],
        [
            549383894535,
            8
        ],
        [
            549383894536,
            8
        ],
        [
            549383894537,
            8
        ],
        [
            549383894538,
            8
        ],
        [
            549383894539,
            8
        ],
        [
            549383894540,
            8
        ],
        [
            549383894541,
            8
        ],
        [
            549383894542,
            8
        ],
        [
            549383894543,
            8
        ],
        [
            549383894544,
            8
        ],
        [
            549383894545,
            8
        ],
        [
            549383894546,
            8
        ],
        [
            549383894547,
            8
        ],
        [
            549383894548,
            8
        ],
        [
            549383894549,
            8
        ],
        [
            549383894550,
            8
        ],
        [
            549383894551,
            8
        ],
        [
            549383894552,
            8
        ],
        [
            549383894553,
            8
        ],
        [
            549383894554,
            8
        ],
        [
            549383894555,
            8
        ],
        [
            549383894556,
            8
        ],
        [
            549383894557,
            8
        ],
        [
            549383894558,
            8
        ],
        [
            549383894559,
            8
        ],
        [
            549383894560,
            8
        ],
        [
            549383894561,
            8
        ],
        [
            549383894562,
            8
        ],
        [
            549383894563,
            8
        ],
        [
            549383894564,
            8
        ],
        [
            549383894565,
            8
        ],
        [
            549383894566,
            8
        ],
        [
            549383894567,
            8
        ],
        [
            549383894568,
            8
        ],
        [
            549383894569,
            8
        ],
        [
            549383894570,
            8
        ],
        [
            549383894571,
            8
        ],
        [
            549383894572,
            8
        ],
        [
            549383894573,
            8
        ],
        [
            549383894574,
            8
        ],
        [
            549383894575,
            8
        ],
        [
            549383894576,
            8
        ],
        [
            549383894577,
            8
        ],
        [
            549383894578,
            8
        ],
        [
            549383894579,
            8
        ],
        [
            549383894580,
            8
        ],
        [
            549383894581,
            8
        ],
        [
            549383894582,
            8
        ],
        [
            549383894583,
            8
        ],
        [
            549383894584,
            8
        ],
        [
            549383894585,
            8
        ],
        [
            549383894586,
            8
        ],
        [
            549383894587,
            8
        ],
        [
            549383894588,
            8
        ],
        [
            549383894589,
            8
        ],
        [
            549383894590,
            8
        ],
        [
            549383894591,
            8
        ],
        [
            549383894592,
            8
        ],
        [
            549383894593,
            8
        ],
        [
            549383894594,
            8
        ],
        [
            549383894595,
            8
        ],
        [
            549383894596,
            8
        ],
        [
            549383894597,
            8
        ],
        [
            549383894598,
            8
        ],
        [
            549383894599,
            8
        ],
        [
            549383894600,
            8
        ],
        [
            549383894601,
            8
        ],
        [
            549383894602,
            8
        ],
        [
            549383894603,
            8
        ],
        [
            549383894604,
            8
        ],
        [
            549383894605,
            8
        ],
        [
            549383894606,
            8
        ],
        [
            549383894607,
            8
        ],
        [
            549383894608,
            8
        ],
        [
            549383894609,
            8
        ],
        [
            549383894610,
            8
        ],
        [
            549383894611,
            8
        ],
        [
            549383894612,
            8
        ],
        [
            549383894613,
            8
        ],
        [
            549383894614,
            8
        ],
        [
            549383894615,
            8
        ],
        [
            549383894616,
            8
        ],
        [
            549383894617,
            8
        ],
        [
            549383894618,
            8
        ],
        [
            549383894619,
            8
        ],
        [
            549383894620,
            8
        ],
        [
            549383894621,
            8
        ],
        [
            549383894622,
            8
        ],
        [
            549383894623,
            8
        ],
        [
            549383894624,
            8
        ],
        [
            549383894625,
            8
        ],
        [
            549383894626,
            8
        ],
        [
            549383894627,
            8
        ],
        [
            549383894628,
            8
        ],
        [
            549383894629,
            8
        ],
        [
            549383894630,
            8
        ],
        [
            549383894631,
            8
        ],
        [
            549383894632,
            8
        ],
        [
            549383894633,
            8
        ],
        [
            549383894634,
            8
        ],
        [
            549383894635,
            8
        ],
        [
            549383894636,
            8
        ],
        [
            549383894637,
            8
        ],
        [
            549383894638,
            8
        ],
        [
            549383894639,
            8
        ],
        [
            549383894640,
            8
        ],
        [
            549383894641,
            8
        ],
        [
            549383894642,
            8
        ],
        [
            549383894643,
            8
        ],
        [
            549383894644,
            8
        ],
        [
            549383894645,
            8
        ],
        [
            549383894646,
            8
        ],
        [
            549383894647,
            8
        ],
        [
            549383894648,
            8
        ],
        [
            549383894649,
            8
        ],
        [
            549383894650,
            8
        ],
        [
            549383894651,
            8
        ],
        [
            549383894652,
            8
        ],
        [
            549383894653,
            8
        ],
        [
            549383894654,
            8
        ],
        [
            549383894655,
            8
        ],
        [
            549383894656,
            8
        ],
        [
            549383894657,
            8
        ],
        [
            549383894658,
            8
        ],
        [
            549383894659,
            8
        ],
        [
            549383894660,
            8
        ],
        [
            549383894661,
            8
        ],
        [
            549383894662,
            8
        ],
        [
            549383894663,
            8
        ],
        [
            549383894664,
            8
        ],
        [
            549383894665,
            8
        ],
        [
            549383894666,
            8
        ],
        [
            549383894667,
            8
        ],
        [
            549383894668,
            8
        ],
        [
            549383894669,
            8
        ],
        [
            549383894670,
            8
        ],
        [
            549383894671,
            8
        ],
        [
            549383894672,
            8
        ],
        [
            549383894673,
            8
        ],
        [
            549383894674,
            8
        ],
        [
            549383894675,
            8
        ],
        [
            549383894676,
            8
        ],
        [
            549383894677,
            8
        ],
        [
            549383894678,
            8
        ],
        [
            549383894679,
            8
        ],
        [
            549383894680,
            8
        ],
        [
            549383894681,
            8
        ],
        [
            549383894682,
            8
        ],
        [
            549383894683,
            8
        ],
        [
            549383894684,
            8
        ],
        [
            549383894685,
            8
        ],
        [
            549383894686,
            8
        ],
        [
            549383894687,
            8
        ],
        [
            549383894688,
            8
        ],
        [
            549383894689,
            8
        ],
        [
            549383894690,
            8
        ],
        [
            549383894691,
            8
        ],
        [
            549383894692,
            8
        ],
        [
            549383894693,
            8
        ],
        [
            549383894694,
            8
        ],
        [
            549383894695,
            8
        ],
        [
            549383894696,
            8
        ],
        [
            549383894697,
            8
        ],
        [
            549383894698,
            8
        ],
        [
            549383894699,
            8
        ],
        [
            549383894700,
            8
        ],
        [
            549383894701,
            8
        ],
        [
            549383894702,
            8
        ],
        [
            549383894703,
            8
        ],
        [
            549383894704,
            8
        ],
        [
            549383894705,
            8
        ],
        [
            549383894706,
            8
        ],
        [
            549383894707,
            8
        ],
        [
            549383894708,
            8
        ],
        [
            549383894709,
            8
        ],
        [
            549383894710,
            8
        ],
        [
            549383894711,
            8
        ],
        [
            549383894712,
            8
        ],
        [
            549383894713,
            8
        ],
        [
            549383894714,
            8
        ],
        [
            549383894715,
            8
        ],
        [
            549383894716,
            8
        ],
        [
            549383894717,
            8
        ],
        [
            549383894718,
            8
        ],
        [
            549383894719,
            8
        ],
        [
            549383894720,
            8
        ],
        [
            549383894721,
            8
        ],
        [
            549383894722,
            8
        ],
        [
            549383894723,
            8
        ],
        [
            549383894724,
            8
        ],
        [
            549383894725,
            8
        ],
        [
            549383894726,
            8
        ],
        [
            549383894727,
            8
        ],
        [
            549383894728,
            8
        ],
        [
            549383894729,
            8
        ],
        [
            549383894730,
            8
        ],
        [
            549383894731,
            8
        ],
        [
            549383894732,
            8
        ],
        [
            549383894733,
            8
        ],
        [
            549383894734,
            8
        ],
        [
            549383894735,
            8
        ],
        [
            549383894736,
            8
        ],
        [
            549383894737,
            8
        ],
        [
            549383894738,
            8
        ],
        [
            549383894739,
            8
        ],
        [
            549383894740,
            8
        ],
        [
            549383894741,
            8
        ],
        [
            549383894742,
            8
        ],
        [
            549383894743,
            8
        ],
        [
            549383894744,
            8
        ],
        [
            549383894745,
            8
        ],
        [
            549383894746,
            8
        ],
        [
            549383894747,
            8
        ],
        [
            549383894748,
            8
        ],
        [
            549383894749,
            8
        ],
        [
            549383894750,
            8
        ],
        [
            549383894751,
            8
        ],
        [
            549383894752,
            8
        ],
        [
            549383894753,
            8
        ],
        [
            549383894754,
            8
        ],
        [
            549383894755,
            8
        ],
        [
            549383894756,
            8
        ],
        [
            549383894757,
            8
        ],
        [
            549383894758,
            8
        ],
        [
            549383894759,
            8
        ],
        [
            549383894760,
            8
        ],
        [
            549383894761,
            8
        ],
        [
            549383894762,
            8
        ],
        [
            549383894763,
            8
        ],
        [
            549383894764,
            8
        ],
        [
            549383894765,
            8
        ],
        [
            549383894766,
            8
        ],
        [
            549383894767,
            8
        ],
        [
            549383894768,
            8
        ],
        [
            549383894769,
            8
        ],
        [
            549383894770,
            8
        ],
        [
            549383894771,
            8
        ],
        [
            549383894772,
            8
        ],
        [
            549383894773,
            8
        ],
        [
            549383894774,
            8
        ],
        [
            549383894775,
            8
        ],
        [
            549383894776,
            8
        ],
        [
            549383894777,
            8
        ],
        [
            549383894778,
            8
        ],
        [
            549383894779,
            8
        ],
        [
            549383894780,
            8
        ],
        [
            549383894781,
            8
        ],
        [
            549383894782,
            8
        ],
        [
            549383894783,
            8
        ],
        [
            549383894784,
            8
        ],
        [
            549383894785,
            8
        ]
    ]
]
