[
    [
        [
            547386613760,
            2
        ],
        [
            547386613761,
            2
        ],
        [
            547386613762,
            2
        ],
        [
            547386613763,
            2
        ],
        [
            547386613764,
            2
        ],
        [
            547386613765,
            2
        ],
        [
            547386613766,
            2
        ],
        [
            547386613767,
            2
        ],
        [
            547386613768,
            2
        ],
        [
            547386613769,
            2
        ],
        [
            547386613770,
            2
        ],
        [
            547386613771,
            2
        ],
        [
            547386613772,
            2
        ],
        [
            547386613773,
            2
        ],
        [
            547386613774,
            2
        ],
        [
            547386613775,
            2
        ]
    ],
    [
        [
            547386613760,
            8
        ],
        [
            547386613761,
            8
        ],
        [
            547386613762,
            8
        ],
        [
            547386613763,
            8
        ],
        [
            547386613764,
            8
        ],
        [
            547386613765,
            8
        ],
        [
            547386613766,
            8
        ],
        [
            547386613767,
            8
        ],
        [
            547386613768,
            8
        ],
        [
            547386613769,
            8
        ],
        [
            547386613770,
            8
        ],
        [
            547386613771,
            8
        ],
        [
            547386613772,
            8
        ],
        [
            547386613773,
            8
        ],
        [
            547386613774,
            8
        ],
        [
            547386613775,
            8
        ],
        [
            547386613776,
            2
        ],
        [
            547386613777,
            2
        ],
        [
            547386613778,
            2
        ],
        [
            547386613779,
            2
        ],
        [
            547386613780,
            2
        ],
        [
            547386613781,
            2
        ],
        [
            547386613782,
            2
        ],
        [
            547386613783,
            2
        ],
        [
            547386613784,
            2
        ],
        [
            547386613785,
            2
        ],
        [
            547386613786,
            2
        ],
        [
            547386613787,
            2
        ],
        [
            547386613788,
            2
        ],
        [
            547386613789,
            2
        ],
        [
            547386613790,
            2
        ],
        [
            547386613791,
            2
        ],
        [
            547386613792,
            2
        ],
        [
            547386613793,
            2
        ],
        [
            547386613794,
            2
        ],
        [
            547386613795,
            2
        ],
        [
            547386613796,
            2
        ],
        [
            547386613797,
            2
        ],
        [
            547386613798,
            2
        ],
        [
            547386613799,
            2
        ],
        [
            547386613800,
            2
        ],
        [
            547386613801,
            2
        ],
        [
            547386613802,
            2
        ],
        [
            547386613803,
            2
        ],
        [
            547386613804,
            2
        ],
        [
            547386613805,
            2
        ],
        [
            547386613806,
            2
        ],
        [
            547386613807,
            2
        ],
        [
            547386613808,
            2
        ],
        [
            547386613809,
            2
        ],
        [
            547386613810,
            2
        ],
        [
            547386613811,
            2
        ],
        [
            547386613812,
            2
        ],
        [
            547386613813,
            2
        ],
        [
            547386613814,
            2
        ],
        [
            547386613815,
            2
        ],
        [
            547386613816,
            2
        ],
        [
            547386613817,
            2
        ],
        [
            547386613818,
            2
        ],
        [
            547386613819,
            2
        ],
        [
            547386613820,
            2
        ],
        [
            547386613821,
            2
        ],
        [
            547386613822,
            2
        ],
        [
            547386613823,
            2
        ]
    ],
    [
        [
            547386613760,
            8
        ],
        [
            547386613761,
            8
        ],
        [
            547386613762,
            8
        ],
        [
            547386613763,
            8
        ],
        [
            547386613764,
            8
        ],
        [
            547386613765,
            8
        ],
        [
            547386613766,
            8
        ],
        [
            547386613767,
            8
        ],
        [
            547386613768,
            8
        ],
        [
            547386613769,
            8
        ],
        [
            547386613770,
            8
        ],
        [
            547386613771,
            8
        ],
        [
            547386613772,
            8
        ],
        [
            547386613773,
            8
        ],
        [
            547386613774,
            8
        ],
        [
            547386613775,
            8
        ],
        [
            547386613776,
            8
        ],
        [
            547386613777,
            8
        ],
        [
            547386613778,
            8
        ],
        [
            547386613779,
            8
        ],
        [
            547386613780,
            8
        ],
        [
            547386613781,
            8
        ],
        [
            547386613782,
            8
        ],
        [
            547386613783,
            8
        ],
        [
            547386613784,
            8
        ],
        [
            547386613785,
            8
        ],
        [
            547386613786,
            8
        ],
        [
            547386613787,
            8
        ],
        [
            547386613788,
            8
        ],
        [
            547386613789,
            8
        ],
        [
            547386613790,
            8
        ],
        [
            547386613791,
            8
        ],
        [
            547386613792,
            8
        ],
        [
            547386613793,
            8
        ],
        [
            547386613794,
            8
        ],
        [
            547386613795,
            8
        ],
        [
            547386613796,
            8
        ],
        [
            547386613797,
            8
        ],
        [
            547386613798,
            8
        ],
        [
            547386613799,
            8
        ],
        [
            547386613800,
            8
        ],
        [
            547386613801,
            8
        ],
        [
            547386613802,
            8
        ],
        [
            547386613803,
            8
        ],
        [
            547386613804,
            8
        ],
        [
            547386613805,
            8
        ],
        [
            547386613806,
            8
        ],
        [
            547386613807,
            8
        ],
        [
            547386613808,
            8
        ],
        [
            547386613809,
            8
        ],
        [
            547386613810,
            8
        ],
        [
            547386613811,
            8
        ],
        [
            547386613812,
            8
        ],
        [
            547386613813,
            8
        ],
        [
            547386613814,
            8
        ],
        [
            547386613815,
            8
        ],
        [
            547386613816,
            8
        ],
        [
            547386613817,
            8
        ],
        [
            547386613818,
            8
        ],
        [
            547386613819,
            8
        ],
        [
            547386613820,
            8
        ],
        [
            547386613821,
            8
        ],
        [
            547386613822,
            8
        ],
        [
            547386613823,
            8
        ]
    ],
    [
        [
            547386613760,
            8
        ],
        [
            547386613761,
            8
        ],
        [
            547386613762,
            8
        ],
        [
            547386613763,
            8
        ],
        [
            547386613764,
            8
        ],
        [
            547386613765,
            8
        ],
        [
            547386613766,
            8
        ],
        [
            547386613767,
            8
        ],
        [
            547386613768,
            8
        ],
        [
            547386613769,
            8
        ],
        [
            547386613770,
            8
        ],
        [
            547386613771,
            8
        ],
        [
            547386613772,
            8
        ],
        [
            547386613773,
            8
        ],
        [
            547386613774,
            8
        ],
        [
            547386613775,
            8
        ],
        [
            547386613776,
            8
        ],
        [
            547386613777,
            8
        ],
        [
            547386613778,
            8
        ],
        [
            547386613779,
            8
        ],
        [
            547386613780,
            8
        ],
        [
            547386613781,
            8
        ],
        [
            547386613782,
            8
        ],
        [
            547386613783,
            8
        ],
        [
            547386613784,
            8
        ],
        [
            547386613785,
            8
        ],
        [
            547386613786,
            8
        ],
        [
            547386613787,
            8
        ],
        [
            547386613788,
            8
        ],
        [
            547386613789,
            8
        ],
        [
            547386613790,
            8
        ],
        [
            547386613791,
            8
        ],
        [
            547386613792,
            8
        ],
        [
            547386613793,
            8
        ],
        [
            547386613794,
            8
        ],
        [
            547386613795,
            8
        ],
        [
            547386613796,
            8
        ],
        [
            547386613797,
            8
        ],
        [
            547386613798,
            8
        ],
        [
            547386613799,
            8
        ],
        [
            547386613800,
            8
        ],
        [
            547386613801,
            8
        ],
        [
            547386613802,
            8
        ],
        [
            547386613803,
            8
        ],
        [
            547386613804,
            8
        ],
        [
            547386613805,
            8
        ],
        [
            547386613806,
            8
        ],
        [
            547386613807,
            8
        ],
        [
            547386613808,
            8
        ],
        [
            547386613809,
            8
        ],
        [
            547386613810,
            8
        ],
        [
            547386613811,
            8
        ],
        [
            547386613812,
            8
        ],
        [
            547386613813,
            8
        ],
        [
            547386613814,
            8
        ],
        [
            547386613815,
            8
        ],
        [
            547386613816,
            8
        ],
        [
            547386613817,
            8
        ],
        [
            547386613818,
            8
        ],
        [
            547386613819,
            8
        ],
        [
            547386613820,
            8
        ],
        [
            547386613821,
            8
        ],
        [
            547386613822,
            8
        ],
        [
            547386613823,
            8
        ]
    ],
    [
        [
            547386613760,
            8
        ],
        [
            547386613761,
            8
        ],
        [
            547386613762,
            8
        ],
        [
            547386613763,
            8
        ],
        [
            547386613764,
            8
        ],
        [
            547386613765,
            8
        ],
        [
            547386613766,
            8
        ],
        [
            547386613767,
            8
        ],
        [
            547386613768,
            8
        ],
        [
            547386613769,
            8
        ],
        [
            547386613770,
            8
        ],
        [
            547386613771,
            8
        ],
        [
            547386613772,
            8
        ],
        [
            547386613773,
            8
        ],
        [
            547386613774,
            8
        ],
        [
            547386613775,
            8
        ],
        [
            547386613776,
            8
        ],
        [
            547386613777,
            8
        ],
        [
            547386613778,
            8
        ],
        [
            547386613779,
            8
        ],
        [
            547386613780,
            8
        ],
        [
            547386613781,
            8
        ],
        [
            547386613782,
            8
        ],
        [
            547386613783,
            8
        ],
        [
            547386613784,
            8
        ],
        [
            547386613785,
            8
        ],
        [
            547386613786,
            8
        ],
        [
            547386613787,
            8
        ],
        [
            547386613788,
            8
        ],
        [
            547386613789,
            8
        ],
        [
            547386613790,
            8
        ],
        [
            547386613791,
            8
        ],
        [
            547386613792,
            8
        ],
        [
            547386613793,
            8
        ],
        [
            547386613794,
            8
        ],
        [
            547386613795,
            8
        ],
        [
            547386613796,
            8
        ],
        [
            547386613797,
            8
        ],
        [
            547386613798,
            8
        ],
        [
            547386613799,
            8
        ],
        [
            547386613800,
            8
        ],
        [
            547386613801,
            8
        ],
        [
            547386613802,
            8
        ],
        [
            547386613803,
            8
        ],
        [
            547386613804,
            8
        ],
        [
            547386613805,
            8
        ],
        [
            547386613806,
            8
        ],
        [
            547386613807,
            8
        ],
        [
            547386613808,
            8
        ],
        [
            547386613809,
            8
        ],
        [
            547386613810,
            8
        ],
        [
            547386613811,
            8
        ],
        [
            547386613812,
            8
        ],
        [
            547386613813,
            8
        ],
        [
            547386613814,
            8
        ],
        [
            547386613815,
            8
        ],
        [
            547386613816,
            8
        ],
        [
            547386613817,
            8
        ],
        [
            547386613818,
            8
        ],
        [
            547386613819,
            8
        ],
        [
            547386613820,
            8
        ],
        [
            547386613821,
            8
        ],
        [
            547386613822,
            8
        ],
        [
            547386613823,
            8
        ]
    ],
    [
        [
            547386613760,
            8
        ],
        [
            547386613761,
            8
        ],
        [
            547386613762,
            8
        ],
        [
            547386613763,
            8
        ],
        [
            547386613764,
            8
        ],
        [
            547386613765,
            8
        ],
        [
            547386613766,
            8
        ],
        [
            547386613767,
            8
        ],
        [
            547386613768,
            8
        ],
        [
            547386613769,
            8
        ],
        [
            547386613770,
            8
        ],
        [
            547386613771,
            8
        ],
        [
            547386613772,
            8
        ],
        [
            547386613773,
            8
        ],
        [
            547386613774,
            8
        ],
        [
            547386613775,
            8
        ],
        [
            547386613776,
            8
        ],
        [
            547386613777,
            8
        ],
        [
            547386613778,
            8
        ],
        [
            547386613779,
            8
        ],
        [
            547386613780,
            8
        ],
        [
            547386613781,
            8
        ],
        [
            547386613782,
            8
        ],
        [
            547386613783,
            8
        ],
        [
            547386613784,
            8
        ],
        [
            547386613785,
            8
        ],
        [
            547386613786,
            8
        ],
        [
            547386613787,
            8
        ],
        [
            547386613788,
            8
        ],
        [
            547386613789,
            8
        ],
        [
            547386613790,
            8
        ],
        [
            547386613791,
            8
        ],
        [
            547386613792,
            8
        ],
        [
            547386613793,
            8
        ],
        [
            547386613794,
            8
        ],
        [
            547386613795,
            8
        ],
        [
            547386613796,
            8
        ],
        [
            547386613797,
            8
        ],
        [
            547386613798,
            8
        ],
        [
            547386613799,
            8
        ],
        [
            547386613800,
            8
        ],
        [
            547386613801,
            8
        ],
        [
            547386613802,
            8
        ],
        [
            547386613803,
            8
        ],
        [
            547386613804,
            8
        ],
        [
            547386613805,
            8
        ],
        [
            547386613806,
            8
        ],
        [
            547386613807,
            8
        ],
        [
            547386613808,
            8
        ],
        [
            547386613809,
            8
        ],
        [
            547386613810,
            8
        ],
        [
            547386613811,
            8
        ],
        [
            547386613812,
            8
        ],
        [
            547386613813,
            8
        ],
        [
            547386613814,
            8
        ],
        [
            547386613815,
            8
        ],
        [
            547386613816,
            8
        ],
        [
            547386613817,
            8
        ],
        [
            547386613818,
            8
        ],
        [
            547386613819,
            8
        ],
        [
            547386613820,
            8
        ],
        [
            547386613821,
            8
        ],
        [
            547386613822,
            8
        ],
        [
            547386613823,
            8
        ]
    ],
    [
        [
            547386613760,
            8
        ],
        [
            547386613761,
            8
        ],
        [
            547386613762,
            8
        ],
        [
            547386613763,
            8
        ],
        [
            547386613764,
            8
        ],
        [
            547386613765,
            8
        ],
        [
            547386613766,
            8
        ],
        [
            547386613767,
            8
        ],
        [
            547386613768,
            8
        ],
        [
            547386613769,
            8
        ],
        [
            547386613770,
            8
        ],
        [
            547386613771,
            8
        ],
        [
            547386613772,
            8
        ],
        [
            547386613773,
            8
        ],
        [
            547386613774,
            8
        ],
        [
            547386613775,
            8
        ],
        [
            547386613776,
            8
        ],
        [
            547386613777,
            8
        ],
        [
            547386613778,
            8
        ],
        [
            547386613779,
            8
        ],
        [
            547386613780,
            8
        ],
        [
            547386613781,
            8
        ],
        [
            547386613782,
            8
        ],
        [
            547386613783,
            8
        ],
        [
            547386613784,
            8
        ],
        [
            547386613785,
            8
        ],
        [
            547386613786,
            8
        ],
        [
            547386613787,
            8
        ],
        [
            547386613788,
            8
        ],
        [
            547386613789,
            8
        ],
        [
            547386613790,
            8
        ],
        [
            547386613791,
            8
        ],
        [
            547386613792,
            8
        ],
        [
            547386613793,
            8
        ],
        [
            547386613794,
            8
        ],
        [
            547386613795,
            8
        ],
        [
            547386613796,
            8
        ],
        [
            547386613797,
            8
        ],
        [
            547386613798,
            8
        ],
        [
            547386613799,
            8
        ],
        [
            547386613800,
            8
        ],
        [
            547386613801,
            8
        ],
        [
            547386613802,
            8
        ],
        [
            547386613803,
            8
        ],
        [
            547386613804,
            8
        ],
        [
            547386613805,
            8
        ],
        [
            547386613806,
            8
        ],
        [
            547386613807,
            8
        ],
        [
            547386613808,
            8
        ],
        [
            547386613809,
            8
        ],
        [
            547386613810,
            8
        ],
        [
            547386613811,
            8
        ],
        [
            547386613812,
            8
        ],
        [
            547386613813,
            8
        ],
        [
            547386613814,
            8
        ],
        [
            547386613815,
            8
        ],
        [
            547386613816,
            8
        ],
        [
            547386613817,
            8
        ],
        [
            547386613818,
            8
        ],
        [
            547386613819,
            8
        ],
        [
            547386613820,
            8
        ],
        [
            547386613821,
            8
        ],
        [
            547386613822,
            8
        ],
        [
            547386613823,
            8
        ]
    ],
    [
        [
            547386613760,
            8
        ],
        [
            547386613761,
            8
        ],
        [
            547386613762,
            8
        ],
        [
            547386613763,
            8
        ],
        [
            547386613764,
            8
        ],
        [
            547386613765,
            8
        ],
        [
            547386613766,
            8
        ],
        [
            547386613767,
            8
        ],
        [
            547386613768,
            8
        ],
        [
            547386613769,
            8
        ],
        [
            547386613770,
            8
        ],
        [
            547386613771,
            8
        ],
        [
            547386613772,
            8
        ],
        [
            547386613773,
            8
        ],
        [
            547386613774,
            8
        ],
        [
            547386613775,
            8
        ],
        [
            547386613776,
            8
        ],
        [
            547386613777,
            8
        ],
        [
            547386613778,
            8
        ],
        [
            547386613779,
            8
        ],
        [
            547386613780,
            8
        ],
        [
            547386613781,
            8
        ],
        [
            547386613782,
            8
        ],
        [
            547386613783,
            8
        ],
        [
            547386613784,
            8
        ],
        [
            547386613785,
            8
        ],
        [
            547386613786,
            8
        ],
        [
            547386613787,
            8
        ],
        [
            547386613788,
            8
        ],
        [
            547386613789,
            8
        ],
        [
            547386613790,
            8
        ],
        [
            547386613791,
            8
        ],
        [
            547386613792,
            8
        ],
        [
            547386613793,
            8
        ],
        [
            547386613794,
            8
        ],
        [
            547386613795,
            8
        ],
        [
            547386613796,
            8
        ],
        [
            547386613797,
            8
        ],
        [
            547386613798,
            8
        ],
        [
            547386613799,
            8
        ],
        [
            547386613800,
            8
        ],
        [
            547386613801,
            8
        ],
        [
            547386613802,
            8
        ],
        [
            547386613803,
            8
        ],
        [
            547386613804,
            8
        ],
        [
            547386613805,
            8
        ],
        [
            547386613806,
            8
        ],
        [
            547386613807,
            8
        ],
        [
            547386613808,
            8
        ],
        [
            547386613809,
            8
        ],
        [
            547386613810,
            8
        ],
        [
            547386613811,
            8
        ],
        [
            547386613812,
            8
        ],
        [
            547386613813,
            8
        ],
        [
            547386613814,
            8
        ],
        [
            547386613815,
            8
        ],
        [
            547386613816,
            8
        ],
        [
            547386613817,
            8
        ],
        [
            547386613818,
            8
        ],
        [
            547386613819,
            8
        ],
        [
            547386613820,
            8
        ],
        [
            547386613821,
            8
        ],
        [
            547386613822,
            8
        ],
        [
            547386613823,
            8
        ]
    ],
    [
        [
            547386613760,
            8
        ],
        [
            547386613761,
            8
        ],
        [
            547386613762,
            8
        ],
        [
            547386613763,
            8
        ],
        [
            547386613764,
            8
        ],
        [
            547386613765,
            8
        ],
        [
            547386613766,
            8
        ],
        [
            547386613767,
            8
        ],
        [
            547386613768,
            8
        ],
        [
            547386613769,
            8
        ],
        [
            547386613770,
            8
        ],
        [
            547386613771,
            8
        ],
        [
            547386613772,
            8
        ],
        [
            547386613773,
            8
        ],
        [
            547386613774,
            8
        ],
        [
            547386613775,
            8
        ],
        [
            547386613776,
            8
        ],
        [
            547386613777,
            8
        ],
        [
            547386613778,
            8
        ],
        [
            547386613779,
            8
        ],
        [
            547386613780,
            8
        ],
        [
            547386613781,
            8
        ],
        [
            547386613782,
            8
        ],
        [
            547386613783,
            8
        ],
        [
            547386613784,
            8
        ],
        [
            547386613785,
            8
        ],
        [
            547386613786,
            8
        ],
        [
            547386613787,
            8
        ],
        [
            547386613788,
            8
        ],
        [
            547386613789,
            8
        ],
        [
            547386613790,
            8
        ],
        [
            547386613791,
            8
        ],
        [
            547386613792,
            8
        ],
        [
            547386613793,
            8
        ],
        [
            547386613794,
            8
        ],
        [
            547386613795,
            8
        ],
        [
            547386613796,
            8
        ],
        [
            547386613797,
            8
        ],
        [
            547386613798,
            8
        ],
        [
            547386613799,
            8
        ],
        [
            547386613800,
            8
        ],
        [
            547386613801,
            8
        ],
        [
            547386613802,
            8
        ],
        [
            547386613803,
            8
        ],
        [
            547386613804,
            8
        ],
        [
            547386613805,
            8
        ],
        [
            547386613806,
            8
        ],
        [
            547386613807,
            8
        ],
        [
            547386613808,
            8
        ],
        [
            547386613809,
            8
        ],
        [
            547386613810,
            8
        ],
        [
            547386613811,
            8
        ],
        [
            547386613812,
            8
        ],
        [
            547386613813,
            8
        ],
        [
            547386613814,
            8
        ],
        [
            547386613815,
            8
        ],
        [
            547386613816,
            8
        ],
        [
            547386613817,
            8
        ],
        [
            547386613818,
            8
        ],
        [
            547386613819,
            8
        ],
        [
            547386613820,
            8
        ],
        [
            547386613821,
            8
        ],
        [
            547386613822,
            8
        ],
        [
            547386613823,
            8
        ]
    ],
    [
        [
            547386613760,
            8
        ],
        [
            547386613761,
            8
        ],
        [
            547386613762,
            8
        ],
        [
            547386613763,
            8
        ],
        [
            547386613764,
            8
        ],
        [
            547386613765,
            8
        ],
        [
            547386613766,
            8
        ],
        [
            547386613767,
            8
        ],
        [
            547386613768,
            8
        ],
        [
            547386613769,
            8
        ],
        [
            547386613770,
            8
        ],
        [
            547386613771,
            8
        ],
        [
            547386613772,
            8
        ],
        [
            547386613773,
            8
        ],
        [
            547386613774,
            8
        ],
        [
            547386613775,
            8
        ],
        [
            547386613776,
            8
        ],
        [
            547386613777,
            8
        ],
        [
            547386613778,
            8
        ],
        [
            547386613779,
            8
        ],
        [
            547386613780,
            8
        ],
        [
            547386613781,
            8
        ],
        [
            547386613782,
            8
        ],
        [
            547386613783,
            8
        ],
        [
            547386613784,
            8
        ],
        [
            547386613785,
            8
        ],
        [
            547386613786,
            8
        ],
        [
            547386613787,
            8
        ],
        [
            547386613788,
            8
        ],
        [
            547386613789,
            8
        ],
        [
            547386613790,
            8
        ],
        [
            547386613791,
            8
        ],
        [
            547386613792,
            8
        ],
        [
            547386613793,
            8
        ],
        [
            547386613794,
            8
        ],
        [
            547386613795,
            8
        ],
        [
            547386613796,
            8
        ],
        [
            547386613797,
            8
        ],
        [
            547386613798,
            8
        ],
        [
            547386613799,
            8
        ],
        [
            547386613800,
            8
        ],
        [
            547386613801,
            8
        ],
        [
            547386613802,
            8
        ],
        [
            547386613803,
            8
        ],
        [
            547386613804,
            8
        ],
        [
            547386613805,
            8
        ],
        [
            547386613806,
            8
        ],
        [
            547386613807,
            8
        ],
        [
            547386613808,
            8
        ],
        [
            547386613809,
            8
        ],
        [
            547386613810,
            8
        ],
        [
            547386613811,
            8
        ],
        [
            547386613812,
            8
        ],
        [
            547386613813,
            8
        ],
        [
            547386613814,
            8
        ],
        [
            547386613815,
            8
        ],
        [
            547386613816,
            8
        ],
        [
            547386613817,
            8
        ],
        [
            547386613818,
            8
        ],
        [
            547386613819,
            8
        ],
        [
            547386613820,
            8
        ],
        [
            547386613821,
            8
        ],
        [
            547386613822,
            8
        ],
        [
            547386613823,
            8
        ]
    ]
]
