[
    [
        [
            545548460032,
            8
        ],
        [
            545548460033,
            8
        ],
        [
            545548460034,
            8
        ],
        [
            545548460035,
            8
        ],
        [
            545548460036,
            8
        ],
        [
            545548460037,
            8
        ],
        [
            545548460038,
            8
        ],
        [
            545548460039,
            8
        ],
        [
            545548460040,
            8
        ],
        [
            545548460041,
            8
        ],
        [
            545548460042,
            8
        ],
        [
            545548460043,
            8
        ],
        [
            545548460044,
            8
        ],
        [
            545548460045,
            8
        ],
        [
            545548460046,
            8
        ],
        [
            545548460047,
            5
        ],
        [
            545548460064,
            8
        ],
        [
            545548460065,
            8
        ],
        [
            545548460066,
            8
        ],
        [
            545548460067,
            8
        ],
        [
            545548460068,
            8
        ],
        [
            545548460069,
            8
        ],
        [
            545548460070,
            8
        ],
        [
            545548460071,
            8
        ],
        [
            545548460072,
            8
        ],
        [
            545548460073,
            8
        ],
        [
            545548460074,
            8
        ],
        [
            545548460075,
            8
        ],
        [
            545548460076,
            8
        ],
        [
            545548460077,
            8
        ],
        [
            545548460078,
            8
        ],
        [
            545548460079,
            8
        ],
        [
            545548460080,
            8
        ],
        [
            545548460081,
            8
        ],
        [
            545548460082,
            8
        ],
        [
            545548460083,
            8
        ],
        [
            545548460084,
            8
        ],
        [
            545548460085,
            8
        ],
        [
            545548460086,
            8
        ],
        [
            545548460087,
            8
        ],
        [
            545548460088,
            8
        ],
        [
            545548460089,
            8
        ],
        [
            545548460090,
            8
        ],
        [
            545548460091,
            8
        ],
        [
            545548460092,
            8
        ],
        [
            545548460093,
            8
        ],
        [
            545548460094,
            8
        ],
        [
            545548460095,
            8
        ],
        [
            545548460096,
            8
        ],
        [
            545548460097,
            8
        ],
        [
            545548460098,
            8
        ],
        [
            545548460099,
            8
        ],
        [
            545548460100,
            8
        ],
        [
            545548460101,
            8
        ],
        [
            545548460102,
            8
        ],
        [
            545548460103,
            8
        ],
        [
            545548460104,
            8
        ],
        [
            545548460105,
            8
        ],
        [
            545548460106,
            8
        ],
        [
            545548460107,
            8
        ],
        [
            545548460108,
            8
        ],
        [
            545548460109,
            8
        ],
        [
            545548460110,
            8
        ],
        [
            545548460111,
            8
        ],
        [
            545548460112,
            8
        ],
        [
            545548460113,
            8
        ],
        [
            545548460114,
            8
        ],
        [
            545548460115,
            8
        ],
        [
            545548460116,
            8
        ],
        [
            545548460117,
            8
        ],
        [
            545548460118,
            8
        ],
        [
            545548460119,
            8
        ],
        [
            545548460120,
            8
        ],
        [
            545548460121,
            8
        ],
        [
            545548460122,
            8
        ],
        [
            545548460123,
            8
        ],
        [
            545548460124,
            8
        ],
        [
            545548460125,
            8
        ],
        [
            545548460126,
            8
        ],
        [
            545548460127,
            8
        ],
        [
            545548460128,
            8
        ],
        [
            545548460129,
            8
        ],
        [
            545548460130,
            8
        ],
        [
            545548460131,
            8
        ],
        [
            545548460132,
            8
        ],
        [
            545548460133,
            8
        ],
        [
            545548460134,
            8
        ],
        [
            545548460135,
            8
        ],
        [
            545548460136,
            8
        ],
        [
            545548460137,
            8
        ],
        [
            545548460138,
            8
        ],
        [
            545548460139,
            8
        ],
        [
            545548460140,
            8
        ],
        [
            545548460141,
            8
        ],
        [
            545548460142,
            1
        ]
    ],
    [
        [
            545548460032,
            8
        ],
        [
            545548460033,
            8
        ],
        [
            545548460034,
            8
        ],
        [
            545548460035,
            8
        ],
        [
            545548460036,
            8
        ],
        [
            545548460037,
            8
        ],
        [
            545548460038,
            8
        ],
        [
            545548460039,
            8
        ],
        [
            545548460040,
            8
        ],
        [
            545548460041,
            8
        ],
        [
            545548460042,
            8
        ],
        [
            545548460043,
            8
        ],
        [
            545548460044,
            8
        ],
        [
            545548460045,
            8
        ],
        [
            545548460046,
            8
        ],
        [
            545548460047,
            5
        ],
        [
            545548460064,
            8
        ],
        [
            545548460065,
            8
        ],
        [
            545548460066,
            8
        ],
        [
            545548460067,
            8
        ],
        [
            545548460068,
            8
        ],
        [
            545548460069,
            8
        ],
        [
            545548460070,
            8
        ],
        [
            545548460071,
            8
        ],
        [
            545548460072,
            8
        ],
        [
            545548460073,
            8
        ],
        [
            545548460074,
            8
        ],
        [
            545548460075,
            8
        ],
        [
            545548460076,
            8
        ],
        [
            545548460077,
            8
        ],
        [
            545548460078,
            8
        ],
        [
            545548460079,
            8
        ],
        [
            545548460080,
            8
        ],
        [
            545548460081,
            8
        ],
        [
            545548460082,
            8
        ],
        [
            545548460083,
            8
        ],
        [
            545548460084,
            8
        ],
        [
            545548460085,
            8
        ],
        [
            545548460086,
            8
        ],
        [
            545548460087,
            8
        ],
        [
            545548460088,
            8
        ],
        [
            545548460089,
            8
        ],
        [
            545548460090,
            8
        ],
        [
            545548460091,
            8
        ],
        [
            545548460092,
            8
        ],
        [
            545548460093,
            8
        ],
        [
            545548460094,
            8
        ],
        [
            545548460095,
            8
        ],
        [
            545548460096,
            8
        ],
        [
            545548460097,
            8
        ],
        [
            545548460098,
            8
        ],
        [
            545548460099,
            8
        ],
        [
            545548460100,
            8
        ],
        [
            545548460101,
            8
        ],
        [
            545548460102,
            8
        ],
        [
            545548460103,
            8
        ],
        [
            545548460104,
            8
        ],
        [
            545548460105,
            8
        ],
        [
            545548460106,
            8
        ],
        [
            545548460107,
            8
        ],
        [
            545548460108,
            8
        ],
        [
            545548460109,
            8
        ],
        [
            545548460110,
            8
        ],
        [
            545548460111,
            8
        ],
        [
            545548460112,
            8
        ],
        [
            545548460113,
            8
        ],
        [
            545548460114,
            8
        ],
        [
            545548460115,
            8
        ],
        [
            545548460116,
            8
        ],
        [
            545548460117,
            8
        ],
        [
            545548460118,
            8
        ],
        [
            545548460119,
            8
        ],
        [
            545548460120,
            8
        ],
        [
            545548460121,
            8
        ],
        [
            545548460122,
            8
        ],
        [
            545548460123,
            8
        ],
        [
            545548460124,
            8
        ],
        [
            545548460125,
            8
        ],
        [
            545548460126,
            8
        ],
        [
            545548460127,
            8
        ],
        [
            545548460128,
            8
        ],
        [
            545548460129,
            8
        ],
        [
            545548460130,
            8
        ],
        [
            545548460131,
            8
        ],
        [
            545548460132,
            8
        ],
        [
            545548460133,
            8
        ],
        [
            545548460134,
            8
        ],
        [
            545548460135,
            8
        ],
        [
            545548460136,
            8
        ],
        [
            545548460137,
            8
        ],
        [
            545548460138,
            8
        ],
        [
            545548460139,
            8
        ],
        [
            545548460140,
            8
        ],
        [
            545548460141,
            8
        ],
        [
            545548460142,
            8
        ],
        [
            545548460143,
            8
        ],
        [
            545548460144,
            8
        ],
        [
            545548460145,
            8
        ],
        [
            545548460146,
            8
        ],
        [
            545548460147,
            8
        ],
        [
            545548460148,
            8
        ],
        [
            545548460149,
            8
        ],
        [
            545548460150,
            8
        ],
        [
            545548460151,
            8
        ],
        [
            545548460152,
            8
        ],
        [
            545548460153,
            8
        ],
        [
            545548460154,
            8
        ],
        [
            545548460155,
            8
        ],
        [
            545548460156,
            8
        ],
        [
            545548460157,
            8
        ],
        [
            545548460158,
            8
        ],
        [
            545548460159,
            8
        ],
        [
            545548460160,
            8
        ],
        [
            545548460161,
            8
        ],
        [
            545548460162,
            8
        ],
        [
            545548460163,
            8
        ],
        [
            545548460164,
            8
        ],
        [
            545548460165,
            8
        ],
        [
            545548460166,
            8
        ],
        [
            545548460167,
            8
        ],
        [
            545548460168,
            8
        ],
        [
            545548460169,
            8
        ],
        [
            545548460170,
            8
        ],
        [
            545548460171,
            8
        ],
        [
            545548460172,
            8
        ],
        [
            545548460173,
            8
        ],
        [
            545548460174,
            8
        ],
        [
            545548460175,
            8
        ],
        [
            545548460176,
            8
        ],
        [
            545548460177,
            8
        ],
        [
            545548460178,
            8
        ],
        [
            545548460179,
            8
        ],
        [
            545548460180,
            8
        ],
        [
            545548460181,
            8
        ],
        [
            545548460182,
            8
        ],
        [
            545548460183,
            8
        ],
        [
            545548460184,
            8
        ],
        [
            545548460185,
            8
        ],
        [
            545548460186,
            8
        ],
        [
            545548460187,
            8
        ],
        [
            545548460188,
            8
        ],
        [
            545548460189,
            8
        ],
        [
            545548460190,
            8
        ],
        [
            545548460191,
            8
        ],
        [
            545548460192,
            8
        ],
        [
            545548460193,
            8
        ],
        [
            545548460194,
            8
        ],
        [
            545548460195,
            8
        ],
        [
            545548460196,
            8
        ],
        [
            545548460197,
            8
        ],
        [
            545548460198,
            8
        ],
        [
            545548460199,
            8
        ],
        [
            545548460200,
            8
        ],
        [
            545548460201,
            8
        ],
        [
            545548460202,
            8
        ],
        [
            545548460203,
            8
        ],
        [
            545548460204,
            8
        ],
        [
            545548460205,
            8
        ],
        [
            545548460206,
            8
        ],
        [
            545548460207,
            8
        ],
        [
            545548460208,
            8
        ],
        [
            545548460209,
            8
        ],
        [
            545548460210,
            8
        ],
        [
            545548460211,
            8
        ],
        [
            545548460212,
            8
        ],
        [
            545548460213,
            8
        ],
        [
            545548460214,
            8
        ],
        [
            545548460215,
            8
        ],
        [
            545548460216,
            8
        ],
        [
            545548460217,
            8
        ],
        [
            545548460218,
            8
        ],
        [
            545548460219,
            8
        ],
        [
            545548460220,
            2
        ]
    ],
    [
        [
            545548460032,
            8
        ],
        [
            545548460033,
            8
        ],
        [
            545548460034,
            8
        ],
        [
            545548460035,
            8
        ],
        [
            545548460036,
            8
        ],
        [
            545548460037,
            8
        ],
        [
            545548460038,
            8
        ],
        [
            545548460039,
            8
        ],
        [
            545548460040,
            8
        ],
        [
            545548460041,
            8
        ],
        [
            545548460042,
            8
        ],
        [
            545548460043,
            8
        ],
        [
            545548460044,
            8
        ],
        [
            545548460045,
            8
        ],
        [
            545548460046,
            8
        ],
        [
            545548460047,
            5
        ],
        [
            545548460064,
            8
        ],
        [
            545548460065,
            8
        ],
        [
            545548460066,
            8
        ],
        [
            545548460067,
            8
        ],
        [
            545548460068,
            8
        ],
        [
            545548460069,
            8
        ],
        [
            545548460070,
            8
        ],
        [
            545548460071,
            8
        ],
        [
            545548460072,
            8
        ],
        [
            545548460073,
            8
        ],
        [
            545548460074,
            8
        ],
        [
            545548460075,
            8
        ],
        [
            545548460076,
            8
        ],
        [
            545548460077,
            8
        ],
        [
            545548460078,
            8
        ],
        [
            545548460079,
            8
        ],
        [
            545548460080,
            8
        ],
        [
            545548460081,
            8
        ],
        [
            545548460082,
            8
        ],
        [
            545548460083,
            8
        ],
        [
            545548460084,
            8
        ],
        [
            545548460085,
            8
        ],
        [
            545548460086,
            8
        ],
        [
            545548460087,
            8
        ],
        [
            545548460088,
            8
        ],
        [
            545548460089,
            8
        ],
        [
            545548460090,
            8
        ],
        [
            545548460091,
            8
        ],
        [
            545548460092,
            8
        ],
        [
            545548460093,
            8
        ],
        [
            545548460094,
            8
        ],
        [
            545548460095,
            8
        ],
        [
            545548460096,
            8
        ],
        [
            545548460097,
            8
        ],
        [
            545548460098,
            8
        ],
        [
            545548460099,
            8
        ],
        [
            545548460100,
            8
        ],
        [
            545548460101,
            8
        ],
        [
            545548460102,
            8
        ],
        [
            545548460103,
            8
        ],
        [
            545548460104,
            8
        ],
        [
            545548460105,
            8
        ],
        [
            545548460106,
            8
        ],
        [
            545548460107,
            8
        ],
        [
            545548460108,
            8
        ],
        [
            545548460109,
            8
        ],
        [
            545548460110,
            8
        ],
        [
            545548460111,
            8
        ],
        [
            545548460112,
            8
        ],
        [
            545548460113,
            8
        ],
        [
            545548460114,
            8
        ],
        [
            545548460115,
            8
        ],
        [
            545548460116,
            8
        ],
        [
            545548460117,
            8
        ],
        [
            545548460118,
            8
        ],
        [
            545548460119,
            8
        ],
        [
            545548460120,
            8
        ],
        [
            545548460121,
            8
        ],
        [
            545548460122,
            8
        ],
        [
            545548460123,
            8
        ],
        [
            545548460124,
            8
        ],
        [
            545548460125,
            8
        ],
        [
            545548460126,
            8
        ],
        [
            545548460127,
            8
        ],
        [
            545548460128,
            8
        ],
        [
            545548460129,
            8
        ],
        [
            545548460130,
            8
        ],
        [
            545548460131,
            8
        ],
        [
            545548460132,
            8
        ],
        [
            545548460133,
            8
        ],
        [
            545548460134,
            8
        ],
        [
            545548460135,
            8
        ],
        [
            545548460136,
            8
        ],
        [
            545548460137,
            8
        ],
        [
            545548460138,
            8
        ],
        [
            545548460139,
            8
        ],
        [
            545548460140,
            8
        ],
        [
            545548460141,
            8
        ],
        [
            545548460142,
            8
        ],
        [
            545548460143,
            8
        ],
        [
            545548460144,
            8
        ],
        [
            545548460145,
            8
        ],
        [
            545548460146,
            8
        ],
        [
            545548460147,
            8
        ],
        [
            545548460148,
            8
        ],
        [
            545548460149,
            8
        ],
        [
            545548460150,
            8
        ],
        [
            545548460151,
            8
        ],
        [
            545548460152,
            8
        ],
        [
            545548460153,
            8
        ],
        [
            545548460154,
            8
        ],
        [
            545548460155,
            8
        ],
        [
            545548460156,
            8
        ],
        [
            545548460157,
            8
        ],
        [
            545548460158,
            8
        ],
        [
            545548460159,
            8
        ],
        [
            545548460160,
            8
        ],
        [
            545548460161,
            8
        ],
        [
            545548460162,
            8
        ],
        [
            545548460163,
            8
        ],
        [
            545548460164,
            8
        ],
        [
            545548460165,
            8
        ],
        [
            545548460166,
            8
        ],
        [
            545548460167,
            8
        ],
        [
            545548460168,
            8
        ],
        [
            545548460169,
            8
        ],
        [
            545548460170,
            8
        ],
        [
            545548460171,
            8
        ],
        [
            545548460172,
            8
        ],
        [
            545548460173,
            8
        ],
        [
            545548460174,
            8
        ],
        [
            545548460175,
            8
        ],
        [
            545548460176,
            8
        ],
        [
            545548460177,
            8
        ],
        [
            545548460178,
            8
        ],
        [
            545548460179,
            8
        ],
        [
            545548460180,
            8
        ],
        [
            545548460181,
            8
        ],
        [
            545548460182,
            8
        ],
        [
            545548460183,
            8
        ],
        [
            545548460184,
            8
        ],
        [
            545548460185,
            8
        ],
        [
            545548460186,
            8
        ],
        [
            545548460187,
            8
        ],
        [
            545548460188,
            8
        ],
        [
            545548460189,
            8
        ],
        [
            545548460190,
            8
        ],
        [
            545548460191,
            8
        ],
        [
            545548460192,
            8
        ],
        [
            545548460193,
            8
        ],
        [
            545548460194,
            8
        ],
        [
            545548460195,
            8
        ],
        [
            545548460196,
            8
        ],
        [
            545548460197,
            8
        ],
        [
            545548460198,
            8
        ],
        [
            545548460199,
            8
        ],
        [
            545548460200,
            8
        ],
        [
            545548460201,
            8
        ],
        [
            545548460202,
            8
        ],
        [
            545548460203,
            8
        ],
        [
            545548460204,
            8
        ],
        [
            545548460205,
            8
        ],
        [
            545548460206,
            8
        ],
        [
            545548460207,
            8
        ],
        [
            545548460208,
            8
        ],
        [
            545548460209,
            8
        ],
        [
            545548460210,
            8
        ],
        [
            545548460211,
            8
        ],
        [
            545548460212,
            8
        ],
        [
            545548460213,
            8
        ],
        [
            545548460214,
            8
        ],
        [
            545548460215,
            8
        ],
        [
            545548460216,
            8
        ],
        [
            545548460217,
            8
        ],
        [
            545548460218,
            8
        ],
        [
            545548460219,
            8
        ],
        [
            545548460220,
            8
        ],
        [
            545548460221,
            8
        ],
        [
            545548460222,
            8
        ],
        [
            545548460223,
            8
        ],
        [
            545548460224,
            8
        ],
        [
            545548460225,
            8
        ],
        [
            545548460226,
            8
        ],
        [
            545548460227,
            8
        ],
        [
            545548460228,
            8
        ],
        [
            545548460229,
            8
        ],
        [
            545548460230,
            8
        ],
        [
            545548460231,
            8
        ],
        [
            545548460232,
            8
        ],
        [
            545548460233,
            8
        ],
        [
            545548460234,
            8
        ],
        [
            545548460235,
            8
        ],
        [
            545548460236,
            8
        ],
        [
            545548460237,
            8
        ],
        [
            545548460238,
            8
        ],
        [
            545548460239,
            8
        ],
        [
            545548460240,
            8
        ],
        [
            545548460241,
            8
        ],
        [
            545548460242,
            8
        ],
        [
            545548460243,
            8
        ],
        [
            545548460244,
            8
        ],
        [
            545548460245,
            8
        ],
        [
            545548460246,
            8
        ],
        [
            545548460247,
            8
        ],
        [
            545548460248,
            8
        ],
        [
            545548460249,
            8
        ],
        [
            545548460250,
            8
        ],
        [
            545548460251,
            8
        ],
        [
            545548460252,
            8
        ],
        [
            545548460253,
            8
        ],
        [
            545548460254,
            8
        ],
        [
            545548460255,
            8
        ],
        [
            545548460256,
            8
        ],
        [
            545548460257,
            8
        ],
        [
            545548460258,
            8
        ],
        [
            545548460259,
            8
        ],
        [
            545548460260,
            8
        ],
        [
            545548460261,
            8
        ],
        [
            545548460262,
            8
        ],
        [
            545548460263,
            8
        ],
        [
            545548460264,
            8
        ],
        [
            545548460265,
            8
        ],
        [
            545548460266,
            8
        ],
        [
            545548460267,
            8
        ],
        [
            545548460268,
            8
        ],
        [
            545548460269,
            8
        ],
        [
            545548460270,
            8
        ],
        [
            545548460271,
            8
        ],
        [
            545548460272,
            8
        ],
        [
            545548460273,
            8
        ],
        [
            545548460274,
            8
        ],
        [
            545548460275,
            8
        ],
        [
            545548460276,
            8
        ],
        [
            545548460277,
            8
        ],
        [
            545548460278,
            8
        ],
        [
            545548460279,
            8
        ],
        [
            545548460280,
            8
        ],
        [
            545548460281,
            8
        ],
        [
            545548460282,
            8
        ],
        [
            545548460283,
            8
        ],
        [
            545548460284,
            8
        ],
        [
            545548460285,
            8
        ],
        [
            545548460286,
            8
        ],
        [
            545548460287,
            8
        ],
        [
            545548460288,
            8
        ],
        [
            545548460289,
            8
        ],
        [
            545548460290,
            8
        ],
        [
            545548460291,
            8
        ],
        [
            545548460292,
            8
        ],
        [
            545548460293,
            8
        ],
        [
            545548460294,
            8
        ],
        [
            545548460295,
            8
        ],
        [
            545548460296,
            8
        ],
        [
            545548460297,
            8
        ],
        [
            545548460298,
            3
        ]
    ],
    [
        [
            545548460032,
            8
        ],
        [
            545548460033,
            8
        ],
        [
            545548460034,
            8
        ],
        [
            545548460035,
            8
        ],
        [
            545548460036,
            8
        ],
        [
            545548460037,
            8
        ],
        [
            545548460038,
            8
        ],
        [
            545548460039,
            8
        ],
        [
            545548460040,
            8
        ],
        [
            545548460041,
            8
        ],
        [
            545548460042,
            8
        ],
        [
            545548460043,
            8
        ],
        [
            545548460044,
            8
        ],
        [
            545548460045,
            8
        ],
        [
            545548460046,
            8
        ],
        [
            545548460047,
            5
        ],
        [
            545548460064,
            8
        ],
        [
            545548460065,
            8
        ],
        [
            545548460066,
            8
        ],
        [
            545548460067,
            8
        ],
        [
            545548460068,
            8
        ],
        [
            545548460069,
            8
        ],
        [
            545548460070,
            8
        ],
        [
            545548460071,
            8
        ],
        [
            545548460072,
            8
        ],
        [
            545548460073,
            8
        ],
        [
            545548460074,
            8
        ],
        [
            545548460075,
            8
        ],
        [
            545548460076,
            8
        ],
        [
            545548460077,
            8
        ],
        [
            545548460078,
            8
        ],
        [
            545548460079,
            8
        ],
        [
            545548460080,
            8
        ],
        [
            545548460081,
            8
        ],
        [
            545548460082,
            8
        ],
        [
            545548460083,
            8
        ],
        [
            545548460084,
            8
        ],
        [
            545548460085,
            8
        ],
        [
            545548460086,
            8
        ],
        [
            545548460087,
            8
        ],
        [
            545548460088,
            8
        ],
        [
            545548460089,
            8
        ],
        [
            545548460090,
            8
        ],
        [
            545548460091,
            8
        ],
        [
            545548460092,
            8
        ],
        [
            545548460093,
            8
        ],
        [
            545548460094,
            8
        ],
        [
            545548460095,
            8
        ],
        [
            545548460096,
            8
        ],
        [
            545548460097,
            8
        ],
        [
            545548460098,
            8
        ],
        [
            545548460099,
            8
        ],
        [
            545548460100,
            8
        ],
        [
            545548460101,
            8
        ],
        [
            545548460102,
            8
        ],
        [
            545548460103,
            8
        ],
        [
            545548460104,
            8
        ],
        [
            545548460105,
            8
        ],
        [
            545548460106,
            8
        ],
        [
            545548460107,
            8
        ],
        [
            545548460108,
            8
        ],
        [
            545548460109,
            8
        ],
        [
            545548460110,
            8
        ],
        [
            545548460111,
            8
        ],
        [
            545548460112,
            8
        ],
        [
            545548460113,
            8
        ],
        [
            545548460114,
            8
        ],
        [
            545548460115,
            8
        ],
        [
            545548460116,
            8
        ],
        [
            545548460117,
            8
        ],
        [
            545548460118,
            8
        ],
        [
            545548460119,
            8
        ],
        [
            545548460120,
            8
        ],
        [
            545548460121,
            8
        ],
        [
            545548460122,
            8
        ],
        [
            545548460123,
            8
        ],
        [
            545548460124,
            8
        ],
        [
            545548460125,
            8
        ],
        [
            545548460126,
            8
        ],
        [
            545548460127,
            8
        ],
        [
            545548460128,
            8
        ],
        [
            545548460129,
            8
        ],
        [
            545548460130,
            8
        ],
        [
            545548460131,
            8
        ],
        [
            545548460132,
            8
        ],
        [
            545548460133,
            8
        ],
        [
            545548460134,
            8
        ],
        [
            545548460135,
            8
        ],
        [
            545548460136,
            8
        ],
        [
            545548460137,
            8
        ],
        [
            545548460138,
            8
        ],
        [
            545548460139,
            8
        ],
        [
            545548460140,
            8
        ],
        [
            545548460141,
            8
        ],
        [
            545548460142,
            8
        ],
        [
            545548460143,
            8
        ],
        [
            545548460144,
            8
        ],
        [
            545548460145,
            8
        ],
        [
            545548460146,
            8
        ],
        [
            545548460147,
            8
        ],
        [
            545548460148,
            8
        ],
        [
            545548460149,
            8
        ],
        [
            545548460150,
            8
        ],
        [
            545548460151,
            8
        ],
        [
            545548460152,
            8
        ],
        [
            545548460153,
            8
        ],
        [
            545548460154,
            8
        ],
        [
            545548460155,
            8
        ],
        [
            545548460156,
            8
        ],
        [
            545548460157,
            8
        ],
        [
            545548460158,
            8
        ],
        [
            545548460159,
            8
        ],
        [
            545548460160,
            8
        ],
        [
            545548460161,
            8
        ],
        [
            545548460162,
            8
        ],
        [
            545548460163,
            8
        ],
        [
            545548460164,
            8
        ],
        [
            545548460165,
            8
        ],
        [
            545548460166,
            8
        ],
        [
            545548460167,
            8
        ],
        [
            545548460168,
            8
        ],
        [
            545548460169,
            8
        ],
        [
            545548460170,
            8
        ],
        [
            545548460171,
            8
        ],
        [
            545548460172,
            8
        ],
        [
            545548460173,
            8
        ],
        [
            545548460174,
            8
        ],
        [
            545548460175,
            8
        ],
        [
            545548460176,
            8
        ],
        [
            545548460177,
            8
        ],
        [
            545548460178,
            8
        ],
        [
            545548460179,
            8
        ],
        [
            545548460180,
            8
        ],
        [
            545548460181,
            8
        ],
        [
            545548460182,
            8
        ],
        [
            545548460183,
            8
        ],
        [
            545548460184,
            8
        ],
        [
            545548460185,
            8
        ],
        [
            545548460186,
            8
        ],
        [
            545548460187,
            8
        ],
        [
            545548460188,
            8
        ],
        [
            545548460189,
            8
        ],
        [
            545548460190,
            8
        ],
        [
            545548460191,
            8
        ],
        [
            545548460192,
            8
        ],
        [
            545548460193,
            8
        ],
        [
            545548460194,
            8
        ],
        [
            545548460195,
            8
        ],
        [
            545548460196,
            8
        ],
        [
            545548460197,
            8
        ],
        [
            545548460198,
            8
        ],
        [
            545548460199,
            8
        ],
        [
            545548460200,
            8
        ],
        [
            545548460201,
            8
        ],
        [
            545548460202,
            8
        ],
        [
            545548460203,
            8
        ],
        [
            545548460204,
            8
        ],
        [
            545548460205,
            8
        ],
        [
            545548460206,
            8
        ],
        [
            545548460207,
            8
        ],
        [
            545548460208,
            8
        ],
        [
            545548460209,
            8
        ],
        [
            545548460210,
            8
        ],
        [
            545548460211,
            8
        ],
        [
            545548460212,
            8
        ],
        [
            545548460213,
            8
        ],
        [
            545548460214,
            8
        ],
        [
            545548460215,
            8
        ],
        [
            545548460216,
            8
        ],
        [
            545548460217,
            8
        ],
        [
            545548460218,
            8
        ],
        [
            545548460219,
            8
        ],
        [
            545548460220,
            8
        ],
        [
            545548460221,
            8
        ],
        [
            545548460222,
            8
        ],
        [
            545548460223,
            8
        ],
        [
            545548460224,
            8
        ],
        [
            545548460225,
            8
        ],
        [
            545548460226,
            8
        ],
        [
            545548460227,
            8
        ],
        [
            545548460228,
            8
        ],
        [
            545548460229,
            8
        ],
        [
            545548460230,
            8
        ],
        [
            545548460231,
            8
        ],
        [
            545548460232,
            8
        ],
        [
            545548460233,
            8
        ],
        [
            545548460234,
            8
        ],
        [
            545548460235,
            8
        ],
        [
            545548460236,
            8
        ],
        [
            545548460237,
            8
        ],
        [
            545548460238,
            8
        ],
        [
            545548460239,
            8
        ],
        [
            545548460240,
            8
        ],
        [
            545548460241,
            8
        ],
        [
            545548460242,
            8
        ],
        [
            545548460243,
            8
        ],
        [
            545548460244,
            8
        ],
        [
            545548460245,
            8
        ],
        [
            545548460246,
            8
        ],
        [
            545548460247,
            8
        ],
        [
            545548460248,
            8
        ],
        [
            545548460249,
            8
        ],
        [
            545548460250,
            8
        ],
        [
            545548460251,
            8
        ],
        [
            545548460252,
            8
        ],
        [
            545548460253,
            8
        ],
        [
            545548460254,
            8
        ],
        [
            545548460255,
            8
        ],
        [
            545548460256,
            8
        ],
        [
            545548460257,
            8
        ],
        [
            545548460258,
            8
        ],
        [
            545548460259,
            8
        ],
        [
            545548460260,
            8
        ],
        [
            545548460261,
            8
        ],
        [
            545548460262,
            8
        ],
        [
            545548460263,
            8
        ],
        [
            545548460264,
            8
        ],
        [
            545548460265,
            8
        ],
        [
            545548460266,
            8
        ],
        [
            545548460267,
            8
        ],
        [
            545548460268,
            8
        ],
        [
            545548460269,
            8
        ],
        [
            545548460270,
            8
        ],
        [
            545548460271,
            8
        ],
        [
            545548460272,
            8
        ],
        [
            545548460273,
            8
        ],
        [
            545548460274,
            8
        ],
        [
            545548460275,
            8
        ],
        [
            545548460276,
            8
        ],
        [
            545548460277,
            8
        ],
        [
            545548460278,
            8
        ],
        [
            545548460279,
            8
        ],
        [
            545548460280,
            8
        ],
        [
            545548460281,
            8
        ],
        [
            545548460282,
            8
        ],
        [
            545548460283,
            8
        ],
        [
            545548460284,
            8
        ],
        [
            545548460285,
            8
        ],
        [
            545548460286,
            8
        ],
        [
            545548460287,
            8
        ],
        [
            545548460288,
            8
        ],
        [
            545548460289,
            8
        ],
        [
            545548460290,
            8
        ],
        [
            545548460291,
            8
        ],
        [
            545548460292,
            8
        ],
        [
            545548460293,
            8
        ],
        [
            545548460294,
            8
        ],
        [
            545548460295,
            8
        ],
        [
            545548460296,
            8
        ],
        [
            545548460297,
            8
        ],
        [
            545548460298,
            8
        ],
        [
            545548460299,
            8
        ],
        [
            545548460300,
            8
        ],
        [
            545548460301,
            8
        ],
        [
            545548460302,
            8
        ],
        [
            545548460303,
            8
        ],
        [
            545548460304,
            8
        ],
        [
            545548460305,
            8
        ],
        [
            545548460306,
            8
        ],
        [
            545548460307,
            8
        ],
        [
            545548460308,
            8
        ],
        [
            545548460309,
            8
        ],
        [
            545548460310,
            8
        ],
        [
            545548460311,
            8
        ],
        [
            545548460312,
            8
        ],
        [
            545548460313,
            8
        ],
        [
            545548460314,
            8
        ],
        [
            545548460315,
            8
        ],
        [
            545548460316,
            8
        ],
        [
            545548460317,
            8
        ],
        [
            545548460318,
            8
        ],
        [
            545548460319,
            8
        ],
        [
            545548460320,
            8
        ],
        [
            545548460321,
            8
        ],
        [
            545548460322,
            8
        ],
        [
            545548460323,
            8
        ],
        [
            545548460324,
            8
        ],
        [
            545548460325,
            8
        ],
        [
            545548460326,
            8
        ],
        [
            545548460327,
            8
        ],
        [
            545548460328,
            8
        ],
        [
            545548460329,
            8
        ],
        [
            545548460330,
            8
        ],
        [
            545548460331,
            8
        ],
        [
            545548460332,
            8
        ],
        [
            545548460333,
            8
        ],
        [
            545548460334,
            8
        ],
        [
            545548460335,
            8
        ],
        [
            545548460336,
            8
        ],
        [
            545548460337,
            8
        ],
        [
            545548460338,
            8
        ],
        [
            545548460339,
            8
        ],
        [
            545548460340,
            8
        ],
        [
            545548460341,
            8
        ],
        [
            545548460342,
            8
        ],
        [
            545548460343,
            8
        ],
        [
            545548460344,
            8
        ],
        [
            545548460345,
            8
        ],
        [
            545548460346,
            8
        ],
        [
            545548460347,
            8
        ],
        [
            545548460348,
            8
        ],
        [
            545548460349,
            8
        ],
        [
            545548460350,
            8
        ],
        [
            545548460351,
            8
        ],
        [
            545548460352,
            8
        ],
        [
            545548460353,
            8
        ],
        [
            545548460354,
            8
        ],
        [
            545548460355,
            8
        ],
        [
            545548460356,
            8
        ],
        [
            545548460357,
            8
        ],
        [
            545548460358,
            8
        ],
        [
            545548460359,
            8
        ],
        [
            545548460360,
            7
        ]
    ]
]
