[
    [
        [
            547621363712,
            8
        ],
        [
            547621363713,
            8
        ],
        [
            547621363714,
            8
        ],
        [
            547621363715,
            8
        ],
        [
            547621363716,
            8
        ],
        [
            547621363717,
            8
        ],
        [
            547621363718,
            8
        ],
        [
            547621363719,
            8
        ],
        [
            547621363720,
            8
        ],
        [
            547621363721,
            8
        ],
        [
            547621363722,
            8
        ],
        [
            547621363723,
            8
        ],
        [
            547621363724,
            8
        ],
        [
            547621363725,
            8
        ],
        [
            547621363726,
            1
        ],
        [
            547621363728,
            8
        ],
        [
            547621363729,
            8
        ],
        [
            547621363730,
            8
        ],
        [
            547621363731,
            8
        ],
        [
            547621363732,
            8
        ],
        [
            547621363733,
            8
        ],
        [
            547621363734,
            8
        ],
        [
            547621363735,
            8
        ],
        [
            547621363736,
            8
        ],
        [
            547621363737,
            8
        ],
        [
            547621363738,
            8
        ],
        [
            547621363739,
            8
        ],
        [
            547621363740,
            8
        ],
        [
            547621363741,
            8
        ],
        [
            547621363742,
            1
        ]
    ],
    [
        [
            547621363712,
            8
        ],
        [
            547621363713,
            8
        ],
        [
            547621363714,
            8
        ],
        [
            547621363715,
            8
        ],
        [
            547621363716,
            8
        ],
        [
            547621363717,
            8
        ],
        [
            547621363718,
            8
        ],
        [
            547621363719,
            8
        ],
        [
            547621363720,
            8
        ],
        [
            547621363721,
            8
        ],
        [
            547621363722,
            8
        ],
        [
            547621363723,
            8
        ],
        [
            547621363724,
            8
        ],
        [
            547621363725,
            8
        ],
        [
            547621363726,
            1
        ],
        [
            547621363728,
            8
        ],
        [
            547621363729,
            8
        ],
        [
            547621363730,
            8
        ],
        [
            547621363731,
            8
        ],
        [
            547621363732,
            8
        ],
        [
            547621363733,
            8
        ],
        [
            547621363734,
            8
        ],
        [
            547621363735,
            8
        ],
        [
            547621363736,
            8
        ],
        [
            547621363737,
            8
        ],
        [
            547621363738,
            8
        ],
        [
            547621363739,
            8
        ],
        [
            547621363740,
            8
        ],
        [
            547621363741,
            8
        ],
        [
            547621363742,
            1
        ]
    ],
    [
        [
            547621363712,
            8
        ],
        [
            547621363713,
            8
        ],
        [
            547621363714,
            8
        ],
        [
            547621363715,
            8
        ],
        [
            547621363716,
            8
        ],
        [
            547621363717,
            8
        ],
        [
            547621363718,
            8
        ],
        [
            547621363719,
            8
        ],
        [
            547621363720,
            8
        ],
        [
            547621363721,
            8
        ],
        [
            547621363722,
            8
        ],
        [
            547621363723,
            8
        ],
        [
            547621363724,
            8
        ],
        [
            547621363725,
            8
        ],
        [
            547621363726,
            1
        ],
        [
            547621363728,
            8
        ],
        [
            547621363729,
            8
        ],
        [
            547621363730,
            8
        ],
        [
            547621363731,
            8
        ],
        [
            547621363732,
            8
        ],
        [
            547621363733,
            8
        ],
        [
            547621363734,
            8
        ],
        [
            547621363735,
            8
        ],
        [
            547621363736,
            8
        ],
        [
            547621363737,
            8
        ],
        [
            547621363738,
            8
        ],
        [
            547621363739,
            8
        ],
        [
            547621363740,
            8
        ],
        [
            547621363741,
            8
        ],
        [
            547621363742,
            1
        ]
    ],
    [
        [
            547621363712,
            8
        ],
        [
            547621363713,
            8
        ],
        [
            547621363714,
            8
        ],
        [
            547621363715,
            8
        ],
        [
            547621363716,
            8
        ],
        [
            547621363717,
            8
        ],
        [
            547621363718,
            8
        ],
        [
            547621363719,
            8
        ],
        [
            547621363720,
            8
        ],
        [
            547621363721,
            8
        ],
        [
            547621363722,
            8
        ],
        [
            547621363723,
            8
        ],
        [
            547621363724,
            8
        ],
        [
            547621363725,
            8
        ],
        [
            547621363726,
            1
        ],
        [
            547621363728,
            8
        ],
        [
            547621363729,
            8
        ],
        [
            547621363730,
            8
        ],
        [
            547621363731,
            8
        ],
        [
            547621363732,
            8
        ],
        [
            547621363733,
            8
        ],
        [
            547621363734,
            8
        ],
        [
            547621363735,
            8
        ],
        [
            547621363736,
            8
        ],
        [
            547621363737,
            8
        ],
        [
            547621363738,
            8
        ],
        [
            547621363739,
            8
        ],
        [
            547621363740,
            8
        ],
        [
            547621363741,
            8
        ],
        [
            547621363742,
            1
        ]
    ],
    [
        [
            547621363712,
            8
        ],
        [
            547621363713,
            8
        ],
        [
            547621363714,
            8
        ],
        [
            547621363715,
            8
        ],
        [
            547621363716,
            8
        ],
        [
            547621363717,
            8
        ],
        [
            547621363718,
            8
        ],
        [
            547621363719,
            8
        ],
        [
            547621363720,
            8
        ],
        [
            547621363721,
            8
        ],
        [
            547621363722,
            8
        ],
        [
            547621363723,
            8
        ],
        [
            547621363724,
            8
        ],
        [
            547621363725,
            8
        ],
        [
            547621363726,
            1
        ],
        [
            547621363728,
            8
        ],
        [
            547621363729,
            8
        ],
        [
            547621363730,
            8
        ],
        [
            547621363731,
            8
        ],
        [
            547621363732,
            8
        ],
        [
            547621363733,
            8
        ],
        [
            547621363734,
            8
        ],
        [
            547621363735,
            8
        ],
        [
            547621363736,
            8
        ],
        [
            547621363737,
            8
        ],
        [
            547621363738,
            8
        ],
        [
            547621363739,
            8
        ],
        [
            547621363740,
            8
        ],
        [
            547621363741,
            8
        ],
        [
            547621363742,
            1
        ]
    ],
    [
        [
            547621363712,
            8
        ],
        [
            547621363713,
            8
        ],
        [
            547621363714,
            8
        ],
        [
            547621363715,
            8
        ],
        [
            547621363716,
            8
        ],
        [
            547621363717,
            8
        ],
        [
            547621363718,
            8
        ],
        [
            547621363719,
            8
        ],
        [
            547621363720,
            8
        ],
        [
            547621363721,
            8
        ],
        [
            547621363722,
            8
        ],
        [
            547621363723,
            8
        ],
        [
            547621363724,
            8
        ],
        [
            547621363725,
            8
        ],
        [
            547621363726,
            1
        ],
        [
            547621363728,
            8
        ],
        [
            547621363729,
            8
        ],
        [
            547621363730,
            8
        ],
        [
            547621363731,
            8
        ],
        [
            547621363732,
            8
        ],
        [
            547621363733,
            8
        ],
        [
            547621363734,
            8
        ],
        [
            547621363735,
            8
        ],
        [
            547621363736,
            8
        ],
        [
            547621363737,
            8
        ],
        [
            547621363738,
            8
        ],
        [
            547621363739,
            8
        ],
        [
            547621363740,
            8
        ],
        [
            547621363741,
            8
        ],
        [
            547621363742,
            1
        ]
    ],
    [
        [
            547621363712,
            8
        ],
        [
            547621363713,
            8
        ],
        [
            547621363714,
            8
        ],
        [
            547621363715,
            8
        ],
        [
            547621363716,
            8
        ],
        [
            547621363717,
            8
        ],
        [
            547621363718,
            8
        ],
        [
            547621363719,
            8
        ],
        [
            547621363720,
            8
        ],
        [
            547621363721,
            8
        ],
        [
            547621363722,
            8
        ],
        [
            547621363723,
            8
        ],
        [
            547621363724,
            8
        ],
        [
            547621363725,
            8
        ],
        [
            547621363726,
            1
        ],
        [
            547621363728,
            8
        ],
        [
            547621363729,
            8
        ],
        [
            547621363730,
            8
        ],
        [
            547621363731,
            8
        ],
        [
            547621363732,
            8
        ],
        [
            547621363733,
            8
        ],
        [
            547621363734,
            8
        ],
        [
            547621363735,
            8
        ],
        [
            547621363736,
            8
        ],
        [
            547621363737,
            8
        ],
        [
            547621363738,
            8
        ],
        [
            547621363739,
            8
        ],
        [
            547621363740,
            8
        ],
        [
            547621363741,
            8
        ],
        [
            547621363742,
            1
        ]
    ]
]
