[
    [
        [
            545825284096,
            8
        ],
        [
            545825284097,
            8
        ],
        [
            545825284098,
            8
        ],
        [
            545825284099,
            8
        ],
        [
            545825284100,
            8
        ],
        [
            545825284101,
            8
        ],
        [
            545825284102,
            8
        ],
        [
            545825284103,
            8
        ],
        [
            545825284104,
            8
        ],
        [
            545825284105,
            8
        ],
        [
            545825284106,
            8
        ],
        [
            545825284107,
            8
        ],
        [
            545825284108,
            8
        ],
        [
            545825284109,
            8
        ],
        [
            545825284110,
            8
        ],
        [
            545825284111,
            8
        ],
        [
            545825284112,
            8
        ],
        [
            545825284113,
            8
        ],
        [
            545825284114,
            8
        ],
        [
            545825284115,
            8
        ],
        [
            545825284116,
            8
        ],
        [
            545825284117,
            8
        ],
        [
            545825284118,
            8
        ],
        [
            545825284119,
            8
        ],
        [
            545825284120,
            8
        ],
        [
            545825284121,
            8
        ],
        [
            545825284122,
            8
        ],
        [
            545825284123,
            8
        ],
        [
            545825284124,
            8
        ],
        [
            545825284125,
            8
        ],
        [
            545825284126,
            8
        ],
        [
            545825284127,
            8
        ],
        [
            545825284128,
            8
        ],
        [
            545825284129,
            8
        ],
        [
            545825284130,
            8
        ],
        [
            545825284131,
            8
        ],
        [
            545825284132,
            8
        ],
        [
            545825284133,
            8
        ],
        [
            545825284134,
            8
        ],
        [
            545825284135,
            8
        ],
        [
            545825284136,
            8
        ],
        [
            545825284137,
            8
        ],
        [
            545825284138,
            8
        ],
        [
            545825284139,
            8
        ],
        [
            545825284140,
            8
        ],
        [
            545825284141,
            8
        ],
        [
            545825284142,
            8
        ],
        [
            545825284143,
            8
        ],
        [
            545825284144,
            8
        ],
        [
            545825284145,
            8
        ],
        [
            545825284146,
            8
        ],
        [
            545825284147,
            8
        ],
        [
            545825284148,
            8
        ],
        [
            545825284149,
            8
        ],
        [
            545825284150,
            8
        ],
        [
            545825284151,
            8
        ],
        [
            545825284152,
            8
        ],
        [
            545825284153,
            8
        ],
        [
            545825284154,
            8
        ],
        [
            545825284155,
            8
        ],
        [
            545825284156,
            8
        ],
        [
            545825284157,
            8
        ],
        [
            545825284158,
            8
        ],
        [
            545825284159,
            8
        ],
        [
            545825284160,
            1
        ],
        [
            545825284164,
            6
        ],
        [
            545825284165,
            8
        ],
        [
            545825284166,
            8
        ],
        [
            545825284167,
            8
        ],
        [
            545825284168,
            8
        ],
        [
            545825284169,
            8
        ],
        [
            545825284170,
            8
        ],
        [
            545825284171,
            8
        ],
        [
            545825284172,
            8
        ],
        [
            545825284173,
            8
        ],
        [
            545825284174,
            8
        ],
        [
            545825284175,
            8
        ],
        [
            545825284176,
            8
        ],
        [
            545825284177,
            8
        ],
        [
            545825284178,
            8
        ],
        [
            545825284179,
            8
        ],
        [
            545825284180,
            8
        ],
        [
            545825284181,
            8
        ],
        [
            545825284182,
            8
        ],
        [
            545825284183,
            8
        ],
        [
            545825284184,
            8
        ],
        [
            545825284185,
            8
        ],
        [
            545825284186,
            8
        ],
        [
            545825284187,
            8
        ],
        [
            545825284188,
            8
        ],
        [
            545825284189,
            8
        ],
        [
            545825284190,
            8
        ],
        [
            545825284191,
            8
        ],
        [
            545825284192,
            8
        ],
        [
            545825284193,
            8
        ],
        [
            545825284194,
            8
        ],
        [
            545825284195,
            8
        ],
        [
            545825284196,
            8
        ],
        [
            545825284197,
            8
        ],
        [
            545825284198,
            8
        ],
        [
            545825284199,
            8
        ],
        [
            545825284200,
            8
        ],
        [
            545825284201,
            8
        ],
        [
            545825284202,
            8
        ],
        [
            545825284203,
            8
        ],
        [
            545825284204,
            8
        ],
        [
            545825284205,
            8
        ],
        [
            545825284206,
            8
        ],
        [
            545825284207,
            8
        ],
        [
            545825284208,
            8
        ],
        [
            545825284209,
            8
        ],
        [
            545825284210,
            8
        ],
        [
            545825284211,
            8
        ],
        [
            545825284212,
            8
        ],
        [
            545825284213,
            8
        ],
        [
            545825284214,
            8
        ],
        [
            545825284215,
            8
        ],
        [
            545825284216,
            8
        ],
        [
            545825284217,
            8
        ],
        [
            545825284218,
            8
        ],
        [
            545825284219,
            8
        ],
        [
            545825284220,
            8
        ],
        [
            545825284221,
            8
        ],
        [
            545825284222,
            8
        ],
        [
            545825284223,
            8
        ],
        [
            545825284224,
            8
        ],
        [
            545825284225,
            8
        ],
        [
            545825284226,
            8
        ],
        [
            545825284227,
            8
        ],
        [
            545825284228,
            8
        ],
        [
            545825284229,
            8
        ],
        [
            545825284230,
            8
        ],
        [
            545825284231,
            8
        ],
        [
            545825284232,
            8
        ],
        [
            545825284233,
            8
        ],
        [
            545825284234,
            8
        ],
        [
            545825284235,
            8
        ],
        [
            545825284236,
            8
        ],
        [
            545825284237,
            8
        ],
        [
            545825284238,
            8
        ],
        [
            545825284239,
            8
        ],
        [
            545825284240,
            8
        ],
        [
            545825284241,
            8
        ],
        [
            545825284242,
            8
        ],
        [
            545825284243,
            8
        ],
        [
            545825284244,
            8
        ],
        [
            545825284245,
            8
        ],
        [
            545825284246,
            8
        ],
        [
            545825284247,
            8
        ],
        [
            545825284248,
            8
        ],
        [
            545825284249,
            8
        ],
        [
            545825284250,
            8
        ],
        [
            545825284251,
            8
        ],
        [
            545825284252,
            8
        ],
        [
            545825284253,
            8
        ],
        [
            545825284254,
            8
        ],
        [
            545825284255,
            8
        ],
        [
            545825284256,
            8
        ],
        [
            545825284257,
            8
        ],
        [
            545825284258,
            8
        ],
        [
            545825284259,
            8
        ],
        [
            545825284260,
            8
        ],
        [
            545825284261,
            8
        ],
        [
            545825284262,
            8
        ],
        [
            545825284263,
            8
        ],
        [
            545825284264,
            8
        ],
        [
            545825284265,
            8
        ],
        [
            545825284266,
            8
        ],
        [
            545825284267,
            8
        ],
        [
            545825284268,
            8
        ],
        [
            545825284269,
            8
        ],
        [
            545825284270,
            8
        ],
        [
            545825284271,
            8
        ],
        [
            545825284272,
            8
        ],
        [
            545825284273,
            8
        ],
        [
            545825284274,
            8
        ],
        [
            545825284275,
            8
        ],
        [
            545825284276,
            8
        ],
        [
            545825284277,
            8
        ],
        [
            545825284278,
            8
        ],
        [
            545825284279,
            8
        ],
        [
            545825284280,
            8
        ],
        [
            545825284281,
            8
        ],
        [
            545825284282,
            8
        ],
        [
            545825284283,
            8
        ],
        [
            545825284284,
            8
        ],
        [
            545825284285,
            8
        ],
        [
            545825284286,
            8
        ],
        [
            545825284287,
            8
        ],
        [
            545825284288,
            8
        ],
        [
            545825284289,
            8
        ],
        [
            545825284290,
            8
        ],
        [
            545825284291,
            8
        ],
        [
            545825284292,
            8
        ],
        [
            545825284293,
            8
        ],
        [
            545825284294,
            8
        ],
        [
            545825284295,
            8
        ],
        [
            545825284296,
            8
        ],
        [
            545825284297,
            8
        ],
        [
            545825284298,
            8
        ],
        [
            545825284299,
            8
        ],
        [
            545825284300,
            8
        ],
        [
            545825284301,
            8
        ],
        [
            545825284302,
            8
        ],
        [
            545825284303,
            8
        ],
        [
            545825284304,
            8
        ],
        [
            545825284305,
            8
        ],
        [
            545825284306,
            8
        ],
        [
            545825284307,
            8
        ],
        [
            545825284308,
            8
        ],
        [
            545825284309,
            8
        ],
        [
            545825284310,
            8
        ],
        [
            545825284311,
            8
        ],
        [
            545825284312,
            8
        ],
        [
            545825284313,
            8
        ],
        [
            545825284314,
            8
        ],
        [
            545825284315,
            8
        ],
        [
            545825284316,
            8
        ],
        [
            545825284317,
            8
        ],
        [
            545825284318,
            8
        ],
        [
            545825284319,
            8
        ],
        [
            545825284320,
            8
        ],
        [
            545825284321,
            8
        ],
        [
            545825284322,
            8
        ],
        [
            545825284323,
            8
        ],
        [
            545825284324,
            8
        ],
        [
            545825284325,
            8
        ],
        [
            545825284326,
            8
        ],
        [
            545825284327,
            8
        ],
        [
            545825284328,
            8
        ],
        [
            545825284329,
            8
        ],
        [
            545825284330,
            8
        ],
        [
            545825284331,
            8
        ],
        [
            545825284332,
            8
        ],
        [
            545825284333,
            8
        ],
        [
            545825284334,
            8
        ],
        [
            545825284335,
            8
        ],
        [
            545825284336,
            8
        ],
        [
            545825284337,
            8
        ],
        [
            545825284338,
            8
        ],
        [
            545825284339,
            8
        ],
        [
            545825284340,
            8
        ],
        [
            545825284341,
            8
        ],
        [
            545825284342,
            8
        ],
        [
            545825284343,
            8
        ],
        [
            545825284344,
            8
        ],
        [
            545825284345,
            8
        ],
        [
            545825284346,
            8
        ],
        [
            545825284347,
            8
        ],
        [
            545825284348,
            8
        ],
        [
            545825284349,
            8
        ],
        [
            545825284350,
            8
        ],
        [
            545825284351,
            8
        ],
        [
            545825284352,
            8
        ],
        [
            545825284353,
            8
        ],
        [
            545825284354,
            8
        ],
        [
            545825284355,
            8
        ],
        [
            545825284356,
            8
        ],
        [
            545825284357,
            8
        ],
        [
            545825284358,
            8
        ],
        [
            545825284359,
            8
        ],
        [
            545825284360,
            8
        ],
        [
            545825284361,
            8
        ],
        [
            545825284362,
            8
        ],
        [
            545825284363,
            8
        ],
        [
            545825284364,
            8
        ],
        [
            545825284365,
            8
        ],
        [
            545825284366,
            8
        ],
        [
            545825284367,
            8
        ],
        [
            545825284368,
            8
        ],
        [
            545825284369,
            8
        ],
        [
            545825284370,
            8
        ],
        [
            545825284371,
            8
        ],
        [
            545825284372,
            8
        ],
        [
            545825284373,
            8
        ],
        [
            545825284374,
            8
        ],
        [
            545825284375,
            8
        ],
        [
            545825284376,
            8
        ],
        [
            545825284377,
            8
        ],
        [
            545825284378,
            8
        ],
        [
            545825284379,
            8
        ],
        [
            545825284380,
            8
        ],
        [
            545825284381,
            8
        ],
        [
            545825284382,
            8
        ],
        [
            545825284383,
            8
        ],
        [
            545825284384,
            8
        ],
        [
            545825284385,
            8
        ],
        [
            545825284386,
            8
        ],
        [
            545825284387,
            8
        ],
        [
            545825284388,
            8
        ],
        [
            545825284389,
            8
        ],
        [
            545825284390,
            8
        ],
        [
            545825284391,
            8
        ],
        [
            545825284392,
            8
        ],
        [
            545825284393,
            8
        ],
        [
            545825284394,
            8
        ],
        [
            545825284395,
            8
        ],
        [
            545825284396,
            8
        ],
        [
            545825284397,
            8
        ],
        [
            545825284398,
            8
        ],
        [
            545825284399,
            8
        ],
        [
            545825284400,
            8
        ],
        [
            545825284401,
            8
        ],
        [
            545825284402,
            8
        ],
        [
            545825284403,
            8
        ],
        [
            545825284404,
            8
        ],
        [
            545825284405,
            8
        ],
        [
            545825284406,
            8
        ],
        [
            545825284407,
            8
        ],
        [
            545825284408,
            8
        ],
        [
            545825284409,
            8
        ],
        [
            545825284410,
            8
        ],
        [
            545825284411,
            8
        ],
        [
            545825284412,
            8
        ],
        [
            545825284413,
            8
        ],
        [
            545825284414,
            8
        ],
        [
            545825284415,
            8
        ],
        [
            545825284416,
            8
        ],
        [
            545825284417,
            8
        ],
        [
            545825284418,
            8
        ],
        [
            545825284419,
            8
        ],
        [
            545825284420,
            8
        ],
        [
            545825284421,
            8
        ],
        [
            545825284422,
            8
        ],
        [
            545825284423,
            8
        ],
        [
            545825284424,
            8
        ],
        [
            545825284425,
            8
        ],
        [
            545825284426,
            8
        ],
        [
            545825284427,
            8
        ],
        [
            545825284428,
            8
        ],
        [
            545825284429,
            8
        ],
        [
            545825284430,
            8
        ],
        [
            545825284431,
            8
        ],
        [
            545825284432,
            8
        ],
        [
            545825284433,
            8
        ],
        [
            545825284434,
            8
        ],
        [
            545825284435,
            8
        ],
        [
            545825284436,
            8
        ],
        [
            545825284437,
            8
        ],
        [
            545825284438,
            8
        ],
        [
            545825284439,
            8
        ],
        [
            545825284440,
            8
        ],
        [
            545825284441,
            8
        ],
        [
            545825284442,
            8
        ],
        [
            545825284443,
            8
        ],
        [
            545825284444,
            8
        ],
        [
            545825284445,
            8
        ],
        [
            545825284446,
            8
        ],
        [
            545825284447,
            8
        ],
        [
            545825284448,
            8
        ],
        [
            545825284449,
            8
        ],
        [
            545825284450,
            8
        ],
        [
            545825284451,
            8
        ],
        [
            545825284452,
            8
        ],
        [
            545825284453,
            8
        ],
        [
            545825284454,
            8
        ],
        [
            545825284455,
            8
        ],
        [
            545825284456,
            8
        ],
        [
            545825284457,
            8
        ],
        [
            545825284458,
            8
        ],
        [
            545825284459,
            8
        ],
        [
            545825284460,
            8
        ],
        [
            545825284461,
            8
        ],
        [
            545825284462,
            8
        ],
        [
            545825284463,
            8
        ],
        [
            545825284464,
            8
        ],
        [
            545825284465,
            8
        ],
        [
            545825284466,
            8
        ],
        [
            545825284467,
            8
        ],
        [
            545825284468,
            8
        ],
        [
            545825284469,
            8
        ],
        [
            545825284470,
            8
        ],
        [
            545825284471,
            8
        ],
        [
            545825284472,
            8
        ],
        [
            545825284473,
            8
        ],
        [
            545825284474,
            8
        ],
        [
            545825284475,
            8
        ],
        [
            545825284476,
            8
        ],
        [
            545825284477,
            8
        ],
        [
            545825284478,
            8
        ],
        [
            545825284479,
            8
        ],
        [
            545825284480,
            8
        ],
        [
            545825284481,
            8
        ],
        [
            545825284482,
            8
        ],
        [
            545825284483,
            8
        ],
        [
            545825284484,
            8
        ],
        [
            545825284485,
            8
        ],
        [
            545825284486,
            8
        ],
        [
            545825284487,
            8
        ],
        [
            545825284488,
            8
        ],
        [
            545825284489,
            8
        ],
        [
            545825284490,
            8
        ],
        [
            545825284491,
            8
        ],
        [
            545825284492,
            8
        ],
        [
            545825284493,
            8
        ],
        [
            545825284494,
            8
        ],
        [
            545825284495,
            8
        ],
        [
            545825284496,
            8
        ],
        [
            545825284497,
            8
        ],
        [
            545825284498,
            8
        ],
        [
            545825284499,
            8
        ],
        [
            545825284500,
            8
        ],
        [
            545825284501,
            8
        ],
        [
            545825284502,
            8
        ],
        [
            545825284503,
            8
        ],
        [
            545825284504,
            8
        ],
        [
            545825284505,
            8
        ],
        [
            545825284506,
            8
        ],
        [
            545825284507,
            8
        ],
        [
            545825284508,
            8
        ],
        [
            545825284509,
            8
        ],
        [
            545825284510,
            8
        ],
        [
            545825284511,
            8
        ],
        [
            545825284512,
            8
        ],
        [
            545825284513,
            8
        ],
        [
            545825284514,
            8
        ],
        [
            545825284515,
            8
        ],
        [
            545825284516,
            8
        ],
        [
            545825284517,
            8
        ],
        [
            545825284518,
            8
        ],
        [
            545825284519,
            8
        ],
        [
            545825284520,
            8
        ],
        [
            545825284521,
            8
        ],
        [
            545825284522,
            8
        ],
        [
            545825284523,
            8
        ],
        [
            545825284524,
            8
        ],
        [
            545825284525,
            8
        ],
        [
            545825284526,
            8
        ],
        [
            545825284527,
            8
        ],
        [
            545825284528,
            8
        ],
        [
            545825284529,
            8
        ],
        [
            545825284530,
            8
        ],
        [
            545825284531,
            8
        ],
        [
            545825284532,
            8
        ],
        [
            545825284533,
            8
        ],
        [
            545825284534,
            8
        ],
        [
            545825284535,
            8
        ],
        [
            545825284536,
            8
        ],
        [
            545825284537,
            8
        ],
        [
            545825284538,
            8
        ],
        [
            545825284539,
            8
        ],
        [
            545825284540,
            8
        ],
        [
            545825284541,
            8
        ],
        [
            545825284542,
            8
        ],
        [
            545825284543,
            8
        ],
        [
            545825284544,
            8
        ],
        [
            545825284545,
            8
        ],
        [
            545825284546,
            8
        ],
        [
            545825284547,
            8
        ],
        [
            545825284548,
            8
        ],
        [
            545825284549,
            8
        ],
        [
            545825284550,
            8
        ],
        [
            545825284551,
            8
        ],
        [
            545825284552,
            8
        ],
        [
            545825284553,
            8
        ],
        [
            545825284554,
            8
        ],
        [
            545825284555,
            8
        ],
        [
            545825284556,
            8
        ],
        [
            545825284557,
            8
        ],
        [
            545825284558,
            8
        ],
        [
            545825284559,
            8
        ],
        [
            545825284560,
            8
        ],
        [
            545825284561,
            8
        ],
        [
            545825284562,
            8
        ],
        [
            545825284563,
            8
        ],
        [
            545825284564,
            8
        ],
        [
            545825284565,
            8
        ],
        [
            545825284566,
            8
        ],
        [
            545825284567,
            8
        ],
        [
            545825284568,
            8
        ],
        [
            545825284569,
            8
        ],
        [
            545825284570,
            8
        ],
        [
            545825284571,
            8
        ],
        [
            545825284572,
            8
        ],
        [
            545825284573,
            8
        ],
        [
            545825284574,
            8
        ],
        [
            545825284575,
            8
        ],
        [
            545825284576,
            8
        ],
        [
            545825284577,
            8
        ],
        [
            545825284578,
            8
        ],
        [
            545825284579,
            8
        ],
        [
            545825284580,
            8
        ],
        [
            545825284581,
            8
        ],
        [
            545825284582,
            8
        ],
        [
            545825284583,
            8
        ],
        [
            545825284584,
            8
        ],
        [
            545825284585,
            8
        ],
        [
            545825284586,
            8
        ],
        [
            545825284587,
            8
        ],
        [
            545825284588,
            8
        ],
        [
            545825284589,
            8
        ],
        [
            545825284590,
            8
        ],
        [
            545825284591,
            8
        ],
        [
            545825284592,
            8
        ],
        [
            545825284593,
            8
        ],
        [
            545825284594,
            8
        ],
        [
            545825284595,
            8
        ],
        [
            545825284596,
            8
        ],
        [
            545825284597,
            8
        ],
        [
            545825284598,
            8
        ],
        [
            545825284599,
            8
        ],
        [
            545825284600,
            8
        ],
        [
            545825284601,
            8
        ],
        [
            545825284602,
            8
        ],
        [
            545825284603,
            8
        ],
        [
            545825284604,
            8
        ],
        [
            545825284605,
            8
        ],
        [
            545825284606,
            8
        ],
        [
            545825284607,
            8
        ],
        [
            545825284608,
            8
        ],
        [
            545825284609,
            8
        ],
        [
            545825284610,
            8
        ],
        [
            545825284611,
            8
        ],
        [
            545825284612,
            8
        ],
        [
            545825284613,
            8
        ],
        [
            545825284614,
            8
        ],
        [
            545825284615,
            8
        ],
        [
            545825284616,
            8
        ],
        [
            545825284617,
            8
        ],
        [
            545825284618,
            8
        ],
        [
            545825284619,
            8
        ],
        [
            545825284620,
            8
        ],
        [
            545825284621,
            8
        ],
        [
            545825284622,
            8
        ],
        [
            545825284623,
            8
        ],
        [
            545825284624,
            8
        ],
        [
            545825284625,
            8
        ],
        [
            545825284626,
            8
        ],
        [
            545825284627,
            8
        ],
        [
            545825284628,
            8
        ],
        [
            545825284629,
            8
        ],
        [
            545825284630,
            8
        ],
        [
            545825284631,
            8
        ],
        [
            545825284632,
            8
        ],
        [
            545825284633,
            8
        ],
        [
            545825284634,
            8
        ],
        [
            545825284635,
            8
        ],
        [
            545825284636,
            8
        ],
        [
            545825284637,
            8
        ],
        [
            545825284638,
            8
        ],
        [
            545825284639,
            8
        ],
        [
            545825284640,
            8
        ],
        [
            545825284641,
            8
        ],
        [
            545825284642,
            8
        ],
        [
            545825284643,
            8
        ],
        [
            545825284644,
            8
        ],
        [
            545825284645,
            8
        ],
        [
            545825284646,
            8
        ],
        [
            545825284647,
            8
        ],
        [
            545825284648,
            8
        ],
        [
            545825284649,
            8
        ],
        [
            545825284650,
            8
        ],
        [
            545825284651,
            8
        ],
        [
            545825284652,
            8
        ],
        [
            545825284653,
            8
        ],
        [
            545825284654,
            8
        ],
        [
            545825284655,
            8
        ],
        [
            545825284656,
            8
        ],
        [
            545825284657,
            8
        ],
        [
            545825284658,
            8
        ],
        [
            545825284659,
            8
        ],
        [
            545825284660,
            8
        ],
        [
            545825284661,
            8
        ],
        [
            545825284662,
            8
        ],
        [
            545825284663,
            8
        ],
        [
            545825284664,
            8
        ],
        [
            545825284665,
            8
        ],
        [
            545825284666,
            8
        ],
        [
            545825284667,
            8
        ],
        [
            545825284668,
            8
        ],
        [
            545825284669,
            8
        ],
        [
            545825284670,
            8
        ],
        [
            545825284671,
            8
        ],
        [
            545825284672,
            8
        ],
        [
            545825284673,
            8
        ],
        [
            545825284674,
            8
        ],
        [
            545825284675,
            8
        ],
        [
            545825284676,
            8
        ],
        [
            545825284677,
            8
        ],
        [
            545825284678,
            8
        ],
        [
            545825284679,
            8
        ],
        [
            545825284680,
            8
        ],
        [
            545825284681,
            8
        ],
        [
            545825284682,
            8
        ],
        [
            545825284683,
            8
        ],
        [
            545825284684,
            8
        ],
        [
            545825284685,
            8
        ],
        [
            545825284686,
            8
        ],
        [
            545825284687,
            8
        ],
        [
            545825284688,
            8
        ],
        [
            545825284689,
            8
        ],
        [
            545825284690,
            8
        ],
        [
            545825284691,
            8
        ],
        [
            545825284692,
            8
        ],
        [
            545825284693,
            8
        ],
        [
            545825284694,
            8
        ],
        [
            545825284695,
            8
        ],
        [
            545825284696,
            8
        ],
        [
            545825284697,
            8
        ],
        [
            545825284698,
            8
        ],
        [
            545825284699,
            8
        ],
        [
            545825284700,
            8
        ],
        [
            545825284701,
            8
        ],
        [
            545825284702,
            8
        ],
        [
            545825284703,
            8
        ],
        [
            545825284704,
            8
        ],
        [
            545825284705,
            8
        ],
        [
            545825284706,
            8
        ],
        [
            545825284707,
            8
        ],
        [
            545825284708,
            8
        ],
        [
            545825284709,
            8
        ],
        [
            545825284710,
            8
        ],
        [
            545825284711,
            8
        ],
        [
            545825284712,
            8
        ],
        [
            545825284713,
            8
        ],
        [
            545825284714,
            8
        ],
        [
            545825284715,
            8
        ],
        [
            545825284716,
            8
        ],
        [
            545825284717,
            8
        ],
        [
            545825284718,
            8
        ],
        [
            545825284719,
            8
        ],
        [
            545825284720,
            8
        ],
        [
            545825284721,
            8
        ],
        [
            545825284722,
            8
        ],
        [
            545825284723,
            8
        ],
        [
            545825284724,
            8
        ],
        [
            545825284725,
            8
        ],
        [
            545825284726,
            8
        ],
        [
            545825284727,
            8
        ],
        [
            545825284728,
            8
        ],
        [
            545825284729,
            8
        ],
        [
            545825284730,
            8
        ],
        [
            545825284731,
            8
        ],
        [
            545825284732,
            8
        ],
        [
            545825284733,
            8
        ],
        [
            545825284734,
            8
        ],
        [
            545825284735,
            8
        ],
        [
            545825284736,
            8
        ],
        [
            545825284737,
            8
        ],
        [
            545825284738,
            8
        ],
        [
            545825284739,
            8
        ],
        [
            545825284740,
            8
        ],
        [
            545825284741,
            8
        ],
        [
            545825284742,
            8
        ],
        [
            545825284743,
            8
        ],
        [
            545825284744,
            8
        ],
        [
            545825284745,
            8
        ],
        [
            545825284746,
            8
        ],
        [
            545825284747,
            8
        ],
        [
            545825284748,
            8
        ],
        [
            545825284749,
            8
        ],
        [
            545825284750,
            8
        ],
        [
            545825284751,
            8
        ],
        [
            545825284752,
            8
        ],
        [
            545825284753,
            8
        ],
        [
            545825284754,
            8
        ],
        [
            545825284755,
            8
        ],
        [
            545825284756,
            8
        ],
        [
            545825284757,
            8
        ],
        [
            545825284758,
            8
        ],
        [
            545825284759,
            8
        ],
        [
            545825284760,
            8
        ],
        [
            545825284761,
            8
        ],
        [
            545825284762,
            8
        ],
        [
            545825284763,
            8
        ],
        [
            545825284764,
            8
        ],
        [
            545825284765,
            8
        ],
        [
            545825284766,
            8
        ],
        [
            545825284767,
            8
        ],
        [
            545825284768,
            8
        ],
        [
            545825284769,
            8
        ],
        [
            545825284770,
            8
        ],
        [
            545825284771,
            8
        ],
        [
            545825284772,
            8
        ],
        [
            545825284773,
            8
        ],
        [
            545825284774,
            8
        ],
        [
            545825284775,
            8
        ],
        [
            545825284776,
            8
        ],
        [
            545825284777,
            8
        ],
        [
            545825284778,
            8
        ],
        [
            545825284779,
            8
        ],
        [
            545825284780,
            8
        ],
        [
            545825284781,
            8
        ],
        [
            545825284782,
            8
        ],
        [
            545825284783,
            8
        ],
        [
            545825284784,
            8
        ],
        [
            545825284785,
            8
        ],
        [
            545825284786,
            8
        ],
        [
            545825284787,
            8
        ],
        [
            545825284788,
            8
        ],
        [
            545825284789,
            8
        ],
        [
            545825284790,
            8
        ],
        [
            545825284791,
            8
        ],
        [
            545825284792,
            8
        ],
        [
            545825284793,
            8
        ],
        [
            545825284794,
            8
        ],
        [
            545825284795,
            8
        ],
        [
            545825284796,
            8
        ],
        [
            545825284797,
            8
        ],
        [
            545825284798,
            8
        ],
        [
            545825284799,
            8
        ],
        [
            545825284800,
            8
        ],
        [
            545825284801,
            8
        ],
        [
            545825284802,
            8
        ],
        [
            545825284803,
            8
        ],
        [
            545825284804,
            8
        ],
        [
            545825284805,
            8
        ],
        [
            545825284806,
            8
        ],
        [
            545825284807,
            8
        ],
        [
            545825284808,
            8
        ],
        [
            545825284809,
            8
        ],
        [
            545825284810,
            8
        ],
        [
            545825284811,
            8
        ],
        [
            545825284812,
            8
        ],
        [
            545825284813,
            8
        ],
        [
            545825284814,
            8
        ],
        [
            545825284815,
            8
        ],
        [
            545825284816,
            8
        ],
        [
            545825284817,
            8
        ],
        [
            545825284818,
            8
        ],
        [
            545825284819,
            8
        ],
        [
            545825284820,
            8
        ],
        [
            545825284821,
            8
        ],
        [
            545825284822,
            8
        ],
        [
            545825284823,
            8
        ],
        [
            545825284824,
            8
        ],
        [
            545825284825,
            8
        ],
        [
            545825284826,
            8
        ],
        [
            545825284827,
            8
        ],
        [
            545825284828,
            8
        ],
        [
            545825284829,
            8
        ],
        [
            545825284830,
            8
        ],
        [
            545825284831,
            8
        ],
        [
            545825284832,
            8
        ],
        [
            545825284833,
            8
        ],
        [
            545825284834,
            8
        ],
        [
            545825284835,
            8
        ],
        [
            545825284836,
            8
        ],
        [
            545825284837,
            8
        ],
        [
            545825284838,
            8
        ],
        [
            545825284839,
            8
        ],
        [
            545825284840,
            8
        ],
        [
            545825284841,
            8
        ],
        [
            545825284842,
            8
        ],
        [
            545825284843,
            8
        ],
        [
            545825284844,
            8
        ],
        [
            545825284845,
            8
        ],
        [
            545825284846,
            8
        ],
        [
            545825284847,
            8
        ],
        [
            545825284848,
            8
        ],
        [
            545825284849,
            8
        ],
        [
            545825284850,
            8
        ],
        [
            545825284851,
            8
        ],
        [
            545825284852,
            8
        ],
        [
            545825284853,
            8
        ],
        [
            545825284854,
            8
        ],
        [
            545825284855,
            8
        ],
        [
            545825284856,
            8
        ],
        [
            545825284857,
            8
        ],
        [
            545825284858,
            8
        ],
        [
            545825284859,
            8
        ],
        [
            545825284860,
            8
        ],
        [
            545825284861,
            8
        ],
        [
            545825284862,
            8
        ],
        [
            545825284863,
            8
        ],
        [
            545825284864,
            8
        ],
        [
            545825284865,
            8
        ],
        [
            545825284866,
            8
        ],
        [
            545825284867,
            8
        ],
        [
            545825284868,
            8
        ],
        [
            545825284869,
            8
        ],
        [
            545825284870,
            8
        ],
        [
            545825284871,
            8
        ],
        [
            545825284872,
            8
        ],
        [
            545825284873,
            8
        ],
        [
            545825284874,
            8
        ],
        [
            545825284875,
            8
        ],
        [
            545825284876,
            8
        ],
        [
            545825284877,
            8
        ],
        [
            545825284878,
            8
        ],
        [
            545825284879,
            8
        ],
        [
            545825284880,
            8
        ],
        [
            545825284881,
            8
        ],
        [
            545825284882,
            8
        ],
        [
            545825284883,
            8
        ],
        [
            545825284884,
            8
        ],
        [
            545825284885,
            8
        ],
        [
            545825284886,
            8
        ],
        [
            545825284887,
            8
        ],
        [
            545825284888,
            8
        ],
        [
            545825284889,
            8
        ],
        [
            545825284890,
            8
        ],
        [
            545825284891,
            8
        ],
        [
            545825284892,
            8
        ],
        [
            545825284893,
            8
        ],
        [
            545825284894,
            8
        ],
        [
            545825284895,
            8
        ],
        [
            545825284896,
            8
        ],
        [
            545825284897,
            8
        ],
        [
            545825284898,
            8
        ],
        [
            545825284899,
            8
        ],
        [
            545825284900,
            8
        ],
        [
            545825284901,
            8
        ],
        [
            545825284902,
            8
        ],
        [
            545825284903,
            8
        ],
        [
            545825284904,
            8
        ],
        [
            545825284905,
            8
        ],
        [
            545825284906,
            8
        ],
        [
            545825284907,
            8
        ],
        [
            545825284908,
            8
        ],
        [
            545825284909,
            8
        ],
        [
            545825284910,
            8
        ],
        [
            545825284911,
            8
        ],
        [
            545825284912,
            8
        ],
        [
            545825284913,
            8
        ],
        [
            545825284914,
            8
        ],
        [
            545825284915,
            8
        ],
        [
            545825284916,
            8
        ],
        [
            545825284917,
            8
        ],
        [
            545825284918,
            8
        ],
        [
            545825284919,
            8
        ],
        [
            545825284920,
            8
        ],
        [
            545825284921,
            8
        ],
        [
            545825284922,
            8
        ],
        [
            545825284923,
            8
        ],
        [
            545825284924,
            8
        ],
        [
            545825284925,
            8
        ],
        [
            545825284926,
            8
        ],
        [
            545825284927,
            8
        ],
        [
            545825284928,
            8
        ],
        [
            545825284929,
            8
        ],
        [
            545825284930,
            8
        ],
        [
            545825284931,
            8
        ],
        [
            545825284932,
            8
        ],
        [
            545825284933,
            8
        ],
        [
            545825284934,
            8
        ],
        [
            545825284935,
            8
        ],
        [
            545825284936,
            8
        ],
        [
            545825284937,
            8
        ],
        [
            545825284938,
            8
        ],
        [
            545825284939,
            8
        ],
        [
            545825284940,
            8
        ],
        [
            545825284941,
            8
        ],
        [
            545825284942,
            8
        ],
        [
            545825284943,
            8
        ],
        [
            545825284944,
            8
        ],
        [
            545825284945,
            8
        ],
        [
            545825284946,
            8
        ],
        [
            545825284947,
            8
        ],
        [
            545825284948,
            8
        ],
        [
            545825284949,
            8
        ],
        [
            545825284950,
            8
        ],
        [
            545825284951,
            8
        ],
        [
            545825284952,
            8
        ],
        [
            545825284953,
            8
        ],
        [
            545825284954,
            8
        ],
        [
            545825284955,
            8
        ],
        [
            545825284956,
            8
        ],
        [
            545825284957,
            8
        ],
        [
            545825284958,
            8
        ],
        [
            545825284959,
            8
        ],
        [
            545825284960,
            8
        ],
        [
            545825284961,
            8
        ],
        [
            545825284962,
            8
        ],
        [
            545825284963,
            8
        ],
        [
            545825284964,
            8
        ],
        [
            545825284965,
            8
        ],
        [
            545825284966,
            8
        ],
        [
            545825284967,
            8
        ],
        [
            545825284968,
            8
        ],
        [
            545825284969,
            8
        ],
        [
            545825284970,
            8
        ],
        [
            545825284971,
            8
        ],
        [
            545825284972,
            8
        ],
        [
            545825284973,
            8
        ],
        [
            545825284974,
            8
        ],
        [
            545825284975,
            8
        ],
        [
            545825284976,
            8
        ],
        [
            545825284977,
            8
        ],
        [
            545825284978,
            8
        ],
        [
            545825284979,
            8
        ],
        [
            545825284980,
            8
        ],
        [
            545825284981,
            8
        ],
        [
            545825284982,
            8
        ],
        [
            545825284983,
            8
        ],
        [
            545825284984,
            8
        ],
        [
            545825284985,
            8
        ],
        [
            545825284986,
            8
        ],
        [
            545825284987,
            8
        ],
        [
            545825284988,
            8
        ],
        [
            545825284989,
            8
        ],
        [
            545825284990,
            8
        ],
        [
            545825284991,
            8
        ],
        [
            545825284992,
            8
        ],
        [
            545825284993,
            8
        ],
        [
            545825284994,
            8
        ],
        [
            545825284995,
            8
        ],
        [
            545825284996,
            8
        ],
        [
            545825284997,
            8
        ],
        [
            545825284998,
            8
        ],
        [
            545825284999,
            8
        ],
        [
            545825285000,
            8
        ],
        [
            545825285001,
            8
        ],
        [
            545825285002,
            8
        ],
        [
            545825285003,
            8
        ],
        [
            545825285004,
            8
        ],
        [
            545825285005,
            8
        ],
        [
            545825285006,
            8
        ],
        [
            545825285007,
            8
        ],
        [
            545825285008,
            8
        ],
        [
            545825285009,
            8
        ],
        [
            545825285010,
            8
        ],
        [
            545825285011,
            8
        ],
        [
            545825285012,
            8
        ],
        [
            545825285013,
            8
        ],
        [
            545825285014,
            8
        ],
        [
            545825285015,
            8
        ],
        [
            545825285016,
            8
        ],
        [
            545825285017,
            8
        ],
        [
            545825285018,
            8
        ],
        [
            545825285019,
            8
        ],
        [
            545825285020,
            8
        ],
        [
            545825285021,
            8
        ],
        [
            545825285022,
            8
        ],
        [
            545825285023,
            8
        ],
        [
            545825285024,
            8
        ],
        [
            545825285025,
            8
        ],
        [
            545825285026,
            8
        ],
        [
            545825285027,
            8
        ],
        [
            545825285028,
            8
        ],
        [
            545825285029,
            8
        ],
        [
            545825285030,
            8
        ],
        [
            545825285031,
            8
        ],
        [
            545825285032,
            8
        ],
        [
            545825285033,
            8
        ],
        [
            545825285034,
            8
        ],
        [
            545825285035,
            8
        ],
        [
            545825285036,
            8
        ],
        [
            545825285037,
            8
        ],
        [
            545825285038,
            8
        ],
        [
            545825285039,
            8
        ],
        [
            545825285040,
            8
        ],
        [
            545825285041,
            8
        ],
        [
            545825285042,
            8
        ],
        [
            545825285043,
            8
        ],
        [
            545825285044,
            8
        ],
        [
            545825285045,
            8
        ],
        [
            545825285046,
            8
        ],
        [
            545825285047,
            8
        ],
        [
            545825285048,
            8
        ],
        [
            545825285049,
            8
        ],
        [
            545825285050,
            8
        ],
        [
            545825285051,
            8
        ],
        [
            545825285052,
            8
        ],
        [
            545825285053,
            8
        ],
        [
            545825285054,
            8
        ],
        [
            545825285055,
            8
        ],
        [
            545825285056,
            8
        ],
        [
            545825285057,
            8
        ],
        [
            545825285058,
            8
        ],
        [
            545825285059,
            8
        ],
        [
            545825285060,
            8
        ],
        [
            545825285061,
            8
        ],
        [
            545825285062,
            8
        ],
        [
            545825285063,
            8
        ],
        [
            545825285064,
            8
        ],
        [
            545825285065,
            8
        ],
        [
            545825285066,
            8
        ],
        [
            545825285067,
            8
        ],
        [
            545825285068,
            8
        ],
        [
            545825285069,
            8
        ],
        [
            545825285070,
            8
        ],
        [
            545825285071,
            8
        ],
        [
            545825285072,
            8
        ],
        [
            545825285073,
            8
        ],
        [
            545825285074,
            8
        ],
        [
            545825285075,
            8
        ],
        [
            545825285076,
            8
        ],
        [
            545825285077,
            8
        ],
        [
            545825285078,
            8
        ],
        [
            545825285079,
            8
        ],
        [
            545825285080,
            8
        ],
        [
            545825285081,
            8
        ],
        [
            545825285082,
            8
        ],
        [
            545825285083,
            8
        ],
        [
            545825285084,
            8
        ],
        [
            545825285085,
            8
        ],
        [
            545825285086,
            8
        ],
        [
            545825285087,
            8
        ],
        [
            545825285088,
            8
        ],
        [
            545825285089,
            8
        ],
        [
            545825285090,
            8
        ],
        [
            545825285091,
            8
        ],
        [
            545825285092,
            8
        ],
        [
            545825285093,
            8
        ],
        [
            545825285094,
            8
        ],
        [
            545825285095,
            8
        ],
        [
            545825285096,
            8
        ],
        [
            545825285097,
            8
        ],
        [
            545825285098,
            8
        ],
        [
            545825285099,
            8
        ],
        [
            545825285100,
            8
        ],
        [
            545825285101,
            8
        ],
        [
            545825285102,
            8
        ],
        [
            545825285103,
            8
        ],
        [
            545825285104,
            8
        ],
        [
            545825285105,
            8
        ],
        [
            545825285106,
            8
        ],
        [
            545825285107,
            8
        ],
        [
            545825285108,
            8
        ],
        [
            545825285109,
            8
        ],
        [
            545825285110,
            8
        ],
        [
            545825285111,
            8
        ],
        [
            545825285112,
            8
        ],
        [
            545825285113,
            8
        ],
        [
            545825285114,
            8
        ],
        [
            545825285115,
            8
        ],
        [
            545825285116,
            8
        ],
        [
            545825285117,
            8
        ],
        [
            545825285118,
            8
        ],
        [
            545825285119,
            8
        ],
        [
            545825285120,
            8
        ],
        [
            545825285121,
            8
        ],
        [
            545825285122,
            8
        ],
        [
            545825285123,
            8
        ],
        [
            545825285124,
            8
        ],
        [
            545825285125,
            8
        ],
        [
            545825285126,
            8
        ],
        [
            545825285127,
            8
        ],
        [
            545825285128,
            8
        ],
        [
            545825285129,
            8
        ],
        [
            545825285130,
            8
        ],
        [
            545825285131,
            8
        ],
        [
            545825285132,
            8
        ],
        [
            545825285133,
            8
        ],
        [
            545825285134,
            8
        ],
        [
            545825285135,
            8
        ],
        [
            545825285136,
            8
        ],
        [
            545825285137,
            8
        ],
        [
            545825285138,
            8
        ],
        [
            545825285139,
            8
        ],
        [
            545825285140,
            8
        ],
        [
            545825285141,
            8
        ],
        [
            545825285142,
            8
        ],
        [
            545825285143,
            8
        ],
        [
            545825285144,
            8
        ],
        [
            545825285145,
            8
        ],
        [
            545825285146,
            8
        ],
        [
            545825285147,
            8
        ],
        [
            545825285148,
            8
        ],
        [
            545825285149,
            8
        ],
        [
            545825285150,
            8
        ],
        [
            545825285151,
            8
        ],
        [
            545825285152,
            8
        ],
        [
            545825285153,
            8
        ],
        [
            545825285154,
            8
        ],
        [
            545825285155,
            8
        ],
        [
            545825285156,
            8
        ],
        [
            545825285157,
            8
        ],
        [
            545825285158,
            8
        ],
        [
            545825285159,
            8
        ],
        [
            545825285160,
            8
        ],
        [
            545825285161,
            8
        ],
        [
            545825285162,
            8
        ],
        [
            545825285163,
            8
        ],
        [
            545825285164,
            8
        ],
        [
            545825285165,
            8
        ],
        [
            545825285166,
            8
        ],
        [
            545825285167,
            8
        ],
        [
            545825285168,
            8
        ],
        [
            545825285169,
            8
        ],
        [
            545825285170,
            8
        ],
        [
            545825285171,
            8
        ],
        [
            545825285172,
            8
        ],
        [
            545825285173,
            8
        ],
        [
            545825285174,
            8
        ],
        [
            545825285175,
            8
        ],
        [
            545825285176,
            8
        ],
        [
            545825285177,
            8
        ],
        [
            545825285178,
            8
        ],
        [
            545825285179,
            8
        ],
        [
            545825285180,
            8
        ],
        [
            545825285181,
            8
        ],
        [
            545825285182,
            8
        ],
        [
            545825285183,
            8
        ],
        [
            545825285184,
            8
        ],
        [
            545825285185,
            8
        ],
        [
            545825285186,
            8
        ],
        [
            545825285187,
            8
        ],
        [
            545825285188,
            8
        ],
        [
            545825285189,
            8
        ],
        [
            545825285190,
            8
        ],
        [
            545825285191,
            8
        ],
        [
            545825285192,
            8
        ],
        [
            545825285193,
            8
        ],
        [
            545825285194,
            8
        ],
        [
            545825285195,
            8
        ],
        [
            545825285196,
            8
        ],
        [
            545825285197,
            8
        ],
        [
            545825285198,
            8
        ],
        [
            545825285199,
            8
        ],
        [
            545825285200,
            8
        ],
        [
            545825285201,
            8
        ],
        [
            545825285202,
            8
        ],
        [
            545825285203,
            8
        ],
        [
            545825285204,
            8
        ],
        [
            545825285205,
            8
        ],
        [
            545825285206,
            8
        ],
        [
            545825285207,
            8
        ],
        [
            545825285208,
            8
        ],
        [
            545825285209,
            8
        ],
        [
            545825285210,
            8
        ],
        [
            545825285211,
            8
        ],
        [
            545825285212,
            8
        ],
        [
            545825285213,
            8
        ],
        [
            545825285214,
            8
        ],
        [
            545825285215,
            8
        ],
        [
            545825285216,
            8
        ],
        [
            545825285217,
            8
        ],
        [
            545825285218,
            8
        ],
        [
            545825285219,
            8
        ],
        [
            545825285220,
            8
        ],
        [
            545825285221,
            8
        ],
        [
            545825285222,
            8
        ],
        [
            545825285223,
            8
        ],
        [
            545825285224,
            8
        ],
        [
            545825285225,
            8
        ],
        [
            545825285226,
            8
        ],
        [
            545825285227,
            8
        ],
        [
            545825285228,
            8
        ],
        [
            545825285229,
            8
        ],
        [
            545825285230,
            8
        ],
        [
            545825285231,
            8
        ],
        [
            545825285232,
            8
        ],
        [
            545825285233,
            8
        ],
        [
            545825285234,
            8
        ],
        [
            545825285235,
            8
        ],
        [
            545825285236,
            8
        ],
        [
            545825285237,
            8
        ],
        [
            545825285238,
            8
        ],
        [
            545825285239,
            8
        ],
        [
            545825285240,
            8
        ],
        [
            545825285241,
            8
        ],
        [
            545825285242,
            8
        ],
        [
            545825285243,
            8
        ],
        [
            545825285244,
            8
        ],
        [
            545825285245,
            8
        ],
        [
            545825285246,
            8
        ],
        [
            545825285247,
            8
        ],
        [
            545825285248,
            8
        ],
        [
            545825285249,
            8
        ],
        [
            545825285250,
            8
        ],
        [
            545825285251,
            8
        ],
        [
            545825285252,
            3
        ]
    ]
]
